6.319664
-15.703148
-15.160124
-3.936261
-0.613070
5.561280
-2.308300
6.313398
-3.330639
4.204288
-15.042893
1.867475
-6.126678
-5.586378
1.090966
-4.860843
2.811146
-2.284999
-6.504534
0.000000
0.000000
-6.479514
-3.135320
0.000000
-3.992312
4.873708
-9.274194
-12.703200
-3.328190
0.000000
-11.819059
-4.318341
-1.624803
-4.940893
0.000000
0.000000
-12.746852
0.000000
-4.507225
0.000000
6.004393
2.083374
-9.444779
-15.555083
3.976540
-8.192211
0.000000
-2.625423
4.310216
-14.392261
-20.733721
-3.526991
-1.087215
0.000000
1.473881
0.000000
33.835299
0.000000
-7.118590
0.000000
-0.879419
-9.886633
3.696394
-10.177504
-15.142848
-11.766761
-8.283821
-0.569823
-14.031091
-9.075811
2.140881
-3.547564
5.174597
0.000000
0.000000
2.431252
6.424120
0.000000
1.298386
0.000000
-4.399079
-8.552452
2.753173
0.000000
3.199839
0.000000
0.000000
-0.376868
1.559778
-6.742530
6.684227
-18.018670
1.001442
-20.123238
-14.886055
0.892391
-0.545595
6.863498
-3.251286
-3.044094
-17.679953
-16.262422
-6.790015
-17.890444
18.684112
-0.546057
-4.500965
-13.002422
1.190417
-2.971566
-13.590892
-4.540144
11.123823
1.254692
-6.746219
2.131311
0.493172
0.000000
20.977436
0.000000
0.175482
-5.566599
-0.737397
-2.853143
0.000000
1.754853
0.000000
-6.775497
-9.017600
-3.495764
4.113026
0.000000
-5.731654
0.000000
1.766884
0.000000
17.981984
6.101020
-21.693642
4.430363
0.483518
0.000000
-1.241612
0.000000
0.000000
0.476175
0.000000
0.000000
4.513063
0.000000
-5.681725
0.000000
0.493872
0.000000
-6.921371
0.000000
0.000000
0.000000
-5.388847
-1.964648
-3.454160
0.309002
0.000000
-2.838010
0.000000
0.014099
0.894285
0.000000
0.000000
-3.516812
1.750084
0.000000
3.532284
0.000000
-0.051270
-4.041256
3.230716
0.000000
-23.304727
-1.164669
13.375957
-2.181913
-3.130386
0.000000
2.040050
-8.546522
-2.900832
0.000000
-11.871316
0.000000
3.542039
0.000000
4.886975
0.000000
4.022952
0.000000
5.360340
0.000000
0.000000
0.000000
0.000000
3.925086
0.000000
0.000000
-27.970411
-11.218026
0.000000
0.000000
10.911750
0.000000
0.000000
0.000000
0.000000
-7.155269
0.000000
0.000000
0.000000
0.000000
0.000000
0.000000
0.000000
0.000000
0.000000
0.000000
0.000000
-7.335185
0.000000
-2.569144
4.181321
0.000000
0.000000
0.000000
0.000000
9.293000
0.000000
0.000000
0.000000
0.000000
0.000000
-0.498099
2.240742
0.000000
0.000000
0.000000
0.000000
-5.998462
1.761391
1.115848
0.000000
0.000000
0.000000
0.000000
2.723860
0.000000
0.000000
0.000000
-2.760067
0.000000
0.000000
-0.651357
0.000000
0.000000
0.000000
0.000000
0.000000
0.000000
0.000000
0.000000
-1.583845
0.000000
0.000000
0.000000
0.000000
0.000000
0.000000
0.000000
6.806085
0.000000
0.000000
0.000000
6.519893
1.287640
0.000000
0.000000
-5.084156
0.000000
0.000000
8.858856
10.681489
0.000000
0.000000
0.000000
-6.149633
0.000000
-1.882916
0.000000
6.970991
2.653202
0.000000
0.000000
12.196676
0.000000
0.872542
0.000000
0.000000
0.000000
0.000000
0.000000
4.946840
-3.327223
-3.611527
-4.356580
7.028326
0.000000
0.000000
0.000000
0.000000
2.888545
5.448809
0.000000
-1.052344
0.000000
0.000000
0.000000
9.002625
0.000000
-3.832324
0.000000
-17.031485
2.306530
-0.218277
13.313887
44.231396
0.000000
15.224393
0.000000
12.323782
1.097174
0.000000
-1.695165
-22.983499
5.999757
-6.040690
-7.452765
0.558811
7.132488
-29.531094
0.000000
5.577514
2.143303
0.371764
0.000000
0.000000
11.752707
-0.288792
0.000000
-9.441335
0.000000
0.000000
-0.055370
0.000000
2.676769
0.000000
6.307359
5.557004
0.072117
0.000000
0.000000
7.130996
0.000000
0.000000
0.000000
-0.161508
0.000000
12.211323
0.000000
0.000000
-3.877807
0.000000
0.000000
13.319260
4.497881
-9.717237
-9.621061
0.000000
0.000000
0.000000
0.000000
0.000000
0.000000
0.000000
5.014342
-0.713210
3.659586
0.000000
0.000000
0.000000
0.000000
0.000000
1.120874
13.566317
0.000000
0.000000
0.000000
-3.807440
0.000000
0.000000
-25.615236
4.924837
-5.926027
0.069197
6.355320
1.061530
0.000000
4.379078
0.000000
-2.015135
-1.146555
0.000000
0.000000
-2.303888
0.000000
-8.582029
6.879484
-2.393218
0.000000
0.913533
0.000000
1.282781
-13.930383
-4.564995
1.749289
29.474402
0.000000
3.246874
5.827704
4.031018
14.930384
4.433431
0.000000
9.152134
2.010163
-40.139937
0.000000
38.581216
-5.187252
-9.025260
0.000000
31.940449
-13.694555
0.000000
0.000000
2.916316
-6.018308
-12.978989
3.572264
30.213909
14.784382
-33.181432
-33.909809
23.483628
15.530642
-14.964469
6.896940
19.333704
74.848476
-40.800001
-49.706972
46.662926
36.572369
-11.605993
-21.274244
30.784153
11.951787
-26.841633
-13.128514
-16.417695
-6.333409
8.476747
13.998352
-14.824421
9.636213
-117.859806
-29.342504
13.497939
29.391824
-80.768923
-115.602318
26.384544
8.361751
25.406651
-41.187756
27.772701
60.103158
-39.097475
1.703699
35.953753
13.146865
-1.260441
-17.434069
-4.877375
33.442696
-37.529810
74.128250
68.026326
12.027370
-4.311290
9.200681
106.459053
85.824438
30.155335
-4.470385
110.477893
79.964471
-10.481552
20.947264
33.423327
130.472679
293.978468
111.541131
25.978936
30.583210
27.764192
13.715417
19.954262
110.616903
-20.613349
150.717976
17.912220
51.099886
519.598199
897.488371
-4.259520
7.678770
224.587654
2.395876
-8.980238
220.583101
154.987416
260.776092
305.242245
186.375128
-13.610691
418.748841
193.330959
279.774369
92.433589
237.141052
149.932792
200.988776
88.180038
24.228883
11.763458
96.464875
772.794712
356.390707
51.658484
376.208328
462.157079
787.282646
81.222695
254.818162
518.911137
19.831046
11.292111
68.091424
198.922640
308.579214
102.429233
356.386201
76.895440
518.842055
239.407550
227.371819
787.882111
1101.202811
26.810673
148.867352
64.532736
1310.950818
146.508956
141.052830
852.581206
39.584357
137.910260
29.872227
695.597291
15.874928
13.410481
110.668991
989.234702
1217.036263
338.509974
341.845052
183.456441
102.102782
256.358044
266.763827
940.933081
192.507543
327.007136
188.031116
376.628071
38.294425
38.738905
44.078705
563.501418
777.305380
32.459015
475.802858
1123.426476
1382.675256
262.837828
437.423507
1223.625596
1981.728188
241.193756
295.071927
1231.670732
998.442108
21.541098
11.731550
523.100958
1448.817632
104.564418
344.168961
1146.714463
1894.049111
29.056007
215.643503
1445.030214
1851.920931
158.676883
249.809788
309.812560
80.354118
99.357550
40.309811
1348.515184
1923.989737
4.764546
270.080630
-7.346669
120.086689
139.495652
363.919383
1203.815960
1261.811796
179.437778
292.125544
-16.445427
1580.282954
215.881874
56.895878
700.114444
649.969131
254.644660
364.031841
1006.373330
1428.185599
262.017840
229.511073
130.044100
651.958960
258.723517
412.635334
1875.242191
2093.175661
71.944077
86.817443
1713.407477
1.899881
189.968861
395.481411
1554.897417
406.061130
187.401893
284.498352
1265.480584
1190.072266
60.498101
80.011083
1552.303936
0.000000
115.141728
90.730755
1237.970779
184.377773
8.196271
187.621764
1502.388000
77.703681
52.196492
353.183128
-44.750251
82.619721
155.044440
269.889349
1041.890058
66.480996
224.412523
44.182266
1038.002153
31.867328
264.764116
263.455363
1397.230505
1388.670263
22.668547
320.606417
18.786873
1213.073773
51.263512
267.647272
1237.894049
84.265299
16.821957
74.511037
1358.925775
1456.836726
271.028952
273.666866
1582.994970
1213.898850
101.138435
0.000000
1841.870278
-0.852181
64.941947
123.823805
564.696545
2176.522945
189.785298
19.723833
62.222125
-9.574542
112.762745
244.008857
-18.667810
1912.953577
38.909664
138.534242
192.135327
658.547057
90.786205
205.746825
1418.098892
144.583770
156.583748
15.266360
1376.586685
2272.346012
185.870834
1.516455
882.750418
1051.261831
158.210086
42.600365
1496.125180
1779.966690
58.184158
132.041886
751.810830
1093.920451
245.529732
41.911997
1036.347460
1878.237865
142.139273
79.641161
57.874982
1594.654726
175.970440
322.508693
1604.584235
1409.032798
36.987904
181.843565
313.955518
659.261602
129.917685
278.988616
1867.856668
2312.450759
317.933070
250.994821
1169.386777
52.002757
120.398817
330.186806
109.846372
377.015755
95.132988
58.964988
1348.284234
605.867610
72.172110
353.494408
957.962765
29.857636
153.320153
258.844430
1176.949337
1770.367924
287.816097
326.574154
2339.242549
50.767302
120.605476
165.114285
1892.242749
7.771747
343.462368
347.300592
1780.850594
2188.553304
281.775530
122.010345
377.940794
134.672721
41.374533
117.498729
38.805675
1361.151268
248.784458
111.211649
831.325336
541.232312
100.191978
222.987117
-11.061896
1970.859276
343.536061
217.020982
956.463128
71.074537
368.666690
175.960962
366.489019
1553.154003
402.354212
130.384417
787.830057
1109.311387
244.220493
284.983768
10.227839
1439.958375
152.274562
7.215653
32.115440
21.643790
100.031658
214.109383
875.341160
1202.170170
175.639174
231.413850
770.605308
12.805122
266.091017
267.078206
1341.268771
186.070476
35.963222
320.768102
264.049672
1538.312277
198.322701
393.040137
1334.322462
2050.517704
244.577004
71.341719
712.019162
2171.440816
319.875853
385.470467
1193.572792
1417.548148
23.161215
186.631439
707.993823
1872.960332
341.832131
515.191680
1495.906325
2346.198324
233.245743
49.266188
1298.902583
2383.020087
439.700594
8.240006
1036.534975
959.545852
376.366970
308.553573
659.892387
2100.839975
404.034137
442.273450
47.367209
140.669458
216.075974
616.413298
1506.922846
2414.326382
554.057965
542.731719
1114.958649
1114.086744
476.221718
76.858420
284.675472
2005.492762
18.899305
14.420954
480.332108
976.625665
249.687253
385.430724
1931.155040
1927.557896
196.151959
382.932485
1258.249810
1874.312051
3.020701
255.551860
1019.307145
2123.187490
14.313615
314.769849
1656.496715
2370.054932
31.053714
15.793876
1070.751240
40.923855
248.514383
86.349639
447.613469
64.177884
372.813850
337.542852
12.484365
97.594122
148.640149
421.113709
806.399143
1575.224726
321.562386
435.177398
1721.643924
1439.533288
526.604317
369.127098
1610.585816
1608.502294
12.974312
60.267704
59.817765
975.481966
32.482268
71.038573
445.948465
2114.284913
-5.260573
229.765261
2031.587314
2075.141862
390.319445
518.966621
-16.700328
2656.781931
367.545924
416.851628
1581.784983
-23.463204
364.054167
475.333522
2391.479505
1870.862044
96.156355
236.724327
320.383923
2418.591050
7.772553
376.900673
1819.456164
143.975041
99.304511
140.368368
1714.307847
1986.135299
648.860119
500.789836
1245.543549
1863.557666
346.633055
51.288949
238.859167
481.528357
806.504388
623.767645
1898.088590
2309.658905
497.416311
557.092688
1711.989765
1331.310091
4.429274
144.658377
1292.448660
1921.353184
593.118696
117.464056
567.936795
1716.712034
116.122231
47.689658
448.054166
1975.251776
426.355039
478.229468
1297.275282
1121.868544
136.493882
222.291342
216.919471
2317.160600
335.583713
413.988684
87.913750
182.505485
150.334652
523.391970
1602.081885
1334.062877
449.118299
