-5.166207
-8.600549
-54.172005
-17.571227
-1.340905
-14.518409
-14.021770
-13.117685
-0.349476
-4.805564
-6.547666
-25.287074
17.886384
12.275503
29.537841
-9.713641
-10.794571
13.216449
-18.439163
-61.834402
-7.912219
-3.541772
-11.864278
-23.655865
-1.632838
8.187403
-46.840046
-8.678180
6.834095
2.102906
-4.916940
-18.514459
29.259846
30.452225
-1.086153
-24.230236
104.492152
14.093944
49.730950
-70.731569
10.200696
-10.270212
81.665721
13.711276
41.030432
43.289517
-19.189859
21.754564
194.001138
333.064260
-26.827000
109.246892
4.617723
22.908932
62.864211
-4.496441
-2.627400
8.952578
24.253345
226.597297
6.328904
0.095857
30.389553
0.000000
-6.865062
5.235569
3.806188
43.911784
3.902642
-6.747320
0.719278
-2.700699
-2.600543
14.059811
8.962853
231.370228
42.316879
66.791695
210.221673
202.894899
107.728101
41.812107
6.135693
-45.796366
42.648021
33.116894
398.677349
145.219762
0.000000
8.553173
445.924538
166.003995
-0.560211
0.794147
-18.577210
-30.105511
6.871351
13.231341
980.307354
-9.406290
10.336641
38.393545
305.895943
0.000000
2.562716
51.943532
17.754726
250.198314
0.471372
22.642024
56.943930
39.976095
-6.428862
6.203406
-25.926442
28.857262
-11.662571
0.000000
263.914427
273.912812
-12.020509
180.755797
1018.825065
1377.282099
2.347769
104.407093
831.056620
43.932242
-0.211386
-3.867414
89.529903
-6.060319
4.296196
20.094566
89.640665
483.592076
6.499203
-20.926123
702.524740
1862.602470
43.742222
31.428932
661.839333
1074.452161
24.308496
13.792469
-17.115228
782.614504
11.950979
4.775390
79.655720
3.198759
-2.802740
4.980788
232.020722
-1.483079
-7.978594
3.835020
0.000000
69.060254
13.744346
-14.404919
88.878670
25.162621
-2.264285
8.415087
122.564681
1162.282043
-3.050618
9.189308
1813.131226
1444.233748
-3.859759
23.893740
1928.893182
1145.219587
14.605382
23.266092
1150.491813
1218.009960
128.402158
216.556870
740.021992
113.468999
104.553526
247.222739
5.603265
71.468007
159.041578
542.781758
65.451184
791.695438
278.260778
392.424261
203.513657
28.103241
52.528769
503.249716
308.721328
178.228178
11.080221
360.852150
133.499521
244.703437
157.707878
425.271965
188.184864
101.703143
79.670099
13.252441
644.942616
77.706048
95.168479
129.725876
75.057537
88.832982
247.259868
83.773126
162.272202
140.520847
25.375603
32.237553
347.031755
157.112253
455.527981
467.992582
127.891526
61.797224
435.368874
255.018579
18.344305
-124.787855
114.166665
170.681065
-113.056402
-39.675782
87.853591
333.326795
-56.148946
38.513914
278.840736
-5.037081
-42.403918
15.083866
3.393422
154.847421
-7.767302
261.842979
126.371661
125.147948
160.760780
67.379451
135.253121
13.597444
277.043567
15.026261
339.150306
185.478715
736.746224
42.718366
262.849204
410.873208
176.568178
32.948344
166.833606
508.428455
184.317717
232.720947
85.267540
46.588019
29.240972
224.083970
6.672003
311.326430
14.094876
82.043444
371.389023
438.857873
46.530070
143.473339
537.453387
654.265628
245.746721
50.966951
204.961348
46.418460
37.861467
261.965084
799.762022
512.667511
878.876417
530.920178
746.294648
264.051944
141.562473
30.764683
177.787180
561.204819
176.627278
165.225458
594.021317
914.714395
113.491062
43.889064
625.366130
485.890260
169.898242
-3.882052
409.165117
645.390440
316.996558
-23.982506
449.193485
888.377363
1232.389291
717.322412
819.345313
766.733113
572.863572
18.099534
209.251672
210.366744
224.754255
125.836131
149.195771
994.750514
175.632111
616.712891
553.166933
637.277918
615.791837
211.080823
206.172963
899.906251
1477.024592
249.095198
484.559158
930.013609
834.134349
-13.280365
97.945779
585.396506
287.305295
1352.049189
877.602896
341.656791
484.776690
181.411894
785.226908
175.223268
1072.467373
1463.246997
80.707192
1198.497707
756.522406
