-3.694707
-11.698853
-16.980238
-1.834109
12.251881
1.254706
5.221653
8.841296
-2.048526
0.000000
0.000000
-8.140674
-2.995433
0.000000
2.193657
-10.189772
5.685502
10.562879
0.000000
-5.549228
9.278807
-19.517204
-4.443708
-0.551847
5.790367
0.000000
-1.427878
2.306474
13.190482
5.410430
-1.019809
-0.190528
49.233531
-10.486889
-0.010857
-7.077231
-1.011369
0.780945
-13.268743
6.428972
18.291681
7.431311
9.996395
-38.694959
1.701174
-2.937594
-15.505219
-25.753740
26.323584
0.000000
-8.636803
-18.323273
57.212850
0.000000
23.337106
2.993887
-0.286396
-21.563869
18.627991
-5.793989
27.058718
-9.853979
-20.374621
-19.769089
-1.157421
5.731727
0.000000
-7.897091
12.774151
12.772041
-14.462145
-2.141830
-10.068093
11.836784
9.826559
1.490321
1.766259
-2.580842
-8.457400
7.103759
54.467865
45.217026
-18.930119
38.709932
289.194703
76.959594
0.757673
88.214663
191.977172
99.237332
170.624208
451.053682
137.607582
23.323594
233.215465
520.771080
15.954726
279.691663
1198.348036
261.806569
180.526774
49.859216
406.774313
1054.883449
5.429389
322.040526
1307.704922
242.446295
43.692004
113.955135
536.167044
1288.828898
276.555560
292.687321
1399.295147
1842.382869
214.308118
334.776024
1684.749471
1904.416483
25.778065
123.156495
1501.728424
797.407594
175.067504
142.193098
59.487225
1367.967890
52.256466
109.585910
607.036387
465.624614
147.759769
8.804527
-4.152633
446.335325
98.266770
294.995541
1188.333944
241.028352
209.344591
314.512926
1572.944644
1423.197738
0.016626
105.494010
345.369874
1960.764393
307.510550
399.314517
1245.867428
674.575697
139.939413
37.123600
1750.778793
2916.173254
80.582476
110.117586
1874.590220
2548.507861
96.171915
28.215689
815.465248
2384.356071
124.589788
137.373290
1940.711853
1692.069299
228.895960
7.053830
992.072001
1856.883854
147.532378
216.192928
1500.708848
2374.881287
136.727921
251.877615
1668.386732
2372.617971
27.462961
103.538703
1811.535138
2151.694543
74.460417
178.187372
1518.966307
2767.234249
182.842928
33.808229
1232.788254
1890.613109
156.927815
161.443919
184.221942
542.690990
14.989815
199.571347
30.462787
1906.883850
206.254195
64.470971
1312.411626
2574.261175
63.298932
105.367553
412.752096
1201.091807
234.607076
128.884052
261.506760
1983.561029
234.142887
258.401221
1060.943101
2258.695665
85.487120
118.281583
2089.074727
2653.874018
258.947049
66.600057
1269.322902
2740.486107
185.554491
138.042951
278.029151
2515.011812
203.809426
200.157148
2185.676474
1656.399477
225.154873
230.724646
1907.324083
437.760826
239.375806
69.803698
372.543919
894.911818
88.196546
26.741774
888.467775
97.361477
91.696050
212.455176
1899.874745
770.395112
347.807293
102.172028
532.968262
2291.590048
72.251503
29.150894
1965.235586
2537.479893
235.232224
409.834508
1739.425341
3105.208708
312.340950
300.429877
2339.461295
3078.831595
284.211520
204.500696
2244.099871
2289.090446
251.061477
102.455553
1664.937363
2365.051999
82.653824
251.260004
2360.717315
2566.911871
60.752680
297.545724
2397.558121
2614.127230
291.126804
267.663473
1114.369523
952.623653
417.574410
388.491941
2131.676898
47.780055
210.795967
102.761201
1353.195717
2248.091381
90.291442
76.430598
1442.168598
3072.417102
275.271297
246.087832
1404.896707
531.816959
316.946571
304.690726
2505.774714
443.108694
115.613654
226.546999
1996.708069
2513.144763
129.017165
183.307682
108.135689
1288.517685
385.651928
299.424672
1999.886241
2170.728804
230.842126
250.326960
62.152540
2230.704509
244.992492
80.395660
1314.234330
2686.929656
95.285517
139.157543
2076.611472
2114.261967
299.345317
298.238658
1900.270983
106.707962
304.869066
204.773911
1106.040989
2686.924800
312.050027
236.870501
241.261319
2842.068751
308.622591
256.932325
-7.232480
1273.801065
382.764321
182.840495
572.457883
2140.346810
285.231984
267.457178
116.646275
1334.149509
437.770288
269.932689
2179.252342
822.537298
326.366069
163.999007
846.363045
84.102408
290.249507
393.537070
2250.870186
2527.571707
408.413180
247.943899
2080.143110
2776.080774
51.358128
195.496640
2208.959307
3386.503860
376.405482
204.582730
2044.521313
397.700751
242.300765
169.036266
1247.662138
1634.151370
326.385426
332.877111
2307.445180
1365.638116
385.145118
349.235355
1680.328471
1826.664366
123.223956
203.935395
2449.517653
2337.655215
398.898206
243.643318
1916.017667
2763.508721
515.469912
206.428297
740.654805
2833.120682
492.595327
422.906156
2138.175949
2091.237943
360.128567
318.270682
1409.523127
2281.195597
617.547285
501.629081
295.892752
311.171040
529.632331
296.848936
17.588061
717.782828
350.029428
73.551590
1641.659076
3120.932427
433.089744
528.314061
2321.991107
2266.317416
582.684177
498.958017
1511.802832
1492.760022
263.259647
151.837294
2003.420850
736.153862
391.821612
72.184565
543.647446
2449.109522
666.833596
449.780051
2402.538755
2504.722501
497.116325
370.600336
2388.522492
283.655682
90.127670
429.659580
2177.033400
2503.348987
309.255042
436.611125
2284.527806
2443.267299
570.240253
620.800805
406.012248
2326.660602
427.266345
378.342886
2369.924175
2946.626322
488.252723
326.302110
2779.626752
2781.843140
412.501496
431.639053
2695.937644
1431.458949
372.054677
348.431858
2609.598910
18.591632
277.837185
225.821645
77.793164
189.760388
250.909196
355.531647
2390.943570
418.068265
46.760656
271.563156
2529.381526
241.674287
306.356295
571.474374
1985.202209
2982.653070
407.472140
524.116775
2383.229551
3258.171584
554.979716
604.471822
1505.790710
1416.169821
522.073226
542.171920
2128.932091
2823.926314
556.420121
502.022412
2366.193020
2548.199844
364.246422
249.519994
1033.715861
1111.240907
443.374229
474.970872
2123.799809
102.451384
326.872821
521.589460
2106.372526
1682.748844
411.895612
495.724253
1863.256730
2796.758727
562.692260
594.252443
2453.892119
2537.887408
506.866660
308.520081
2227.606392
2498.793367
536.195927
461.601985
2894.684187
3302.416807
440.341651
317.818609
2321.227440
2690.413280
273.773968
114.141776
2412.469206
2300.824484
566.209511
369.679245
2438.671327
2391.028875
372.372824
467.618181
41.304456
2748.398988
329.599598
444.588869
364.907277
376.263111
52.296308
306.362028
294.890570
2167.079593
477.792683
522.831256
115.029764
263.247282
24.828019
486.128771
2136.577556
3064.953881
524.192811
591.186359
1816.434349
2523.366169
453.137666
584.434130
2249.511008
2231.073482
454.997517
658.899185
2217.386202
2684.864521
624.800343
669.797439
2504.936104
1404.718317
307.757825
220.782865
2545.616779
2748.469808
121.403000
357.481979
177.041213
101.998260
532.373168
489.187672
2346.963214
2256.205621
250.446076
539.051327
2731.879177
3457.528862
664.933383
383.934773
2288.852157
2965.039444
659.257871
357.279188
761.880927
2339.883282
443.502511
399.033466
12.266697
3139.697952
603.664425
578.072446
2050.818234
2573.686131
322.754654
385.747983
306.138140
547.009703
517.529087
538.074154
2065.818907
1363.929871
531.059664
686.735245
732.591620
2284.436952
522.158256
146.912612
607.447319
2204.440863
493.752201
103.734647
1728.857791
3071.814349
593.795431
712.901265
939.210477
138.425461
267.746014
335.813561
548.486130
2258.164040
595.829428
776.578298
2543.158891
1919.873882
107.099853
79.450317
2092.734483
1992.705233
655.803662
532.489153
2022.653289
1218.341331
137.615018
539.886838
2574.470428
2120.186844
343.176551
93.258747
2501.941702
2079.215809
299.973548
122.441166
2537.737686
3276.274946
634.687257
403.957877
2692.326815
3158.294640
401.271881
449.956262
124.671893
3311.082017
575.490275
102.750823
2008.449294
3578.315675
447.775741
330.209123
19.871436
3119.019500
659.309385
376.300860
2432.973104
2921.437091
427.993585
606.348041
1452.804159
855.086675
179.705476
388.459497
2132.107815
1780.504531
751.500948
582.469589
2874.150354
1241.804639
695.169226
733.138228
2539.256905
487.247128
86.697639
752.363220
508.501459
2889.883407
489.165298
684.671986
2566.882969
3336.953236
547.311740
66.425892
2166.056914
2405.238077
594.674428
522.416704
2336.001807
2777.705358
221.598840
27.221097
993.700962
1088.326073
546.492718
487.624506
1779.348783
2523.488951
460.457537
643.001898
236.442910
1064.495278
429.988737
721.933931
2326.237115
2315.795351
506.951013
566.202009
2273.047893
2627.628263
268.654362
602.197130
1906.106120
18.232165
584.331055
605.178953
1497.500800
1525.561137
471.830146
46.050352
2279.672834
862.851099
73.981074
603.912790
2233.610004
293.159345
321.648385
700.936110
2113.292832
3354.727085
898.093165
784.568783
2294.320659
2456.342294
667.593055
587.947000
2251.890917
2943.166034
134.765567
459.572490
2883.092056
3393.062285
591.990540
707.753026
1369.140011
2634.030550
763.746624
580.416252
2298.522806
1917.350293
571.561669
588.243300
2473.582888
2750.160493
703.892588
424.908711
649.222224
2910.175444
708.187912
673.440373
2975.751223
1727.632224
951.286616
777.820499
2234.108026
548.009703
545.335133
830.422723
2024.542410
2982.870487
644.148960
988.602266
2737.236519
3198.047668
0.000000
830.181233
2644.014021
3491.999777
859.257401
16.341613
2552.808660
3316.940765
698.369654
704.327429
2186.907512
3438.231017
715.140636
183.805690
1786.151333
2096.040087
942.816197
827.333374
2649.585186
2899.966691
665.981371
815.493873
2449.131151
3078.272279
942.178241
816.309534
2542.927090
2856.785757
754.445998
932.007119
1646.092399
3315.813183
756.574204
1044.308382
640.889015
80.393179
55.835947
893.354281
1346.478883
3446.267467
847.642553
712.835772
2068.217507
44.622655
913.881722
1068.792254
2681.903868
3060.681009
1107.499087
1019.216348
2595.944426
1925.877280
936.115018
926.715859
2853.292403
241.603302
588.841789
937.842070
2764.610176
2127.845378
879.686073
990.288016
2681.779131
2859.625745
837.581883
1151.834148
598.330576
886.940904
943.096096
903.320832
2283.113027
2532.357241
674.383956
1002.132668
2443.047257
287.239830
508.460942
897.601273
2593.200776
3086.650799
616.560752
158.688659
1204.656317
1150.885422
754.202689
917.308159
2640.544304
2816.552731
1089.360626
1058.274949
2096.072554
3031.317798
939.078630
1073.706658
2036.372803
2936.601950
1289.954726
974.968654
2481.143838
3222.670086
1144.851696
1084.000307
3092.535425
311.997642
940.229050
1255.184298
1720.765872
2536.987245
923.432296
446.937020
1248.942274
2960.779811
1293.993466
1308.360004
2725.868860
2973.341246
1317.322421
1329.801726
2760.106289
1992.951915
974.148819
1112.354207
3047.952249
1698.729495
1046.973151
1381.624760
2038.546662
1117.878508
960.231147
1140.450068
2979.634458
2980.767683
1159.766931
945.742727
3044.271644
44.724334
946.232156
1007.226819
120.175997
629.113008
350.108860
1095.430927
2002.627131
1072.909185
1154.549712
1116.232119
237.518982
2106.636666
766.376812
234.155792
2825.449808
3531.163368
905.483883
1142.846680
50.751501
3048.511672
936.374282
1019.705615
976.686931
310.244106
922.811356
1156.157554
883.329450
483.566935
1246.611210
1446.114208
2434.409622
118.104652
786.645385
799.145511
1112.569554
2827.320998
1239.144510
1189.911348
2596.569237
3211.034049
1133.295753
565.499207
1096.929497
70.454814
803.972796
1039.865726
2424.908116
1490.661766
1227.995780
1091.136147
1616.585767
2222.881650
704.498532
224.429607
1809.047511
1416.828513
360.304040
610.770177
2333.002334
1813.065628
1324.036733
1284.348882
12.350726
770.781338
1078.511864
1390.971516
2632.076740
3302.190932
1567.913063
1635.366800
1262.882626
550.886108
1258.758601
507.703063
1621.332069
2965.281900
1497.408076
1442.813224
2767.344467
1636.705999
1344.399403
1323.303796
1951.960678
568.670784
864.067336
1559.674370
348.758964
2535.618855
1528.007994
1482.363020
2936.817844
3563.103906
1208.171859
1620.332129
3237.708115
3518.099179
218.010222
107.188194
2455.073469
3642.854581
1596.871136
651.937279
1219.590094
3623.878237
1501.368940
1402.793602
2852.650853
1448.150021
1291.203109
1665.032315
3233.974609
3120.647079
1221.593133
72.431072
2754.418104
2844.125831
1801.604357
155.255205
2642.635831
1198.905485
5.382509
1569.457005
3198.509290
2552.991808
1402.239438
2025.223581
1739.230528
3250.655445
1182.931443
1737.049599
3233.132909
3503.762741
1207.854309
1653.410148
1053.342144
775.112187
1761.547102
1790.232717
3192.842018
154.710665
1169.454581
1660.927960
2897.473121
3076.656453
1328.436565
204.949406
3006.408236
3653.995079
1101.677563
224.717492
1847.720832
3751.797260
1837.738669
1885.446914
3559.688976
3565.530700
1405.594523
1902.873319
3443.607785
2623.076045
1644.332616
1827.435776
3143.565155
3812.327484
1917.364306
1669.566163
2080.762970
3634.813817
1565.762045
1341.180025
3152.398185
3610.526812
1922.152442
1576.315314
3075.466089
3220.083322
2006.904663
1943.916761
3448.876450
952.462634
756.836844
1703.182675
3642.693459
3413.893536
541.857816
1366.714326
3636.876205
3536.245737
1870.944011
2007.374240
3214.574465
3048.075459
986.534050
799.274029
2970.649177
2382.288146
1540.610047
1831.383686
2295.052003
3337.827960
1839.941417
1702.551296
3349.244755
3583.919979
21.348542
1804.047106
3331.842943
2959.350468
1847.028797
2118.095632
3473.997605
2425.052502
2115.739738
201.375876
3081.670466
1324.144960
226.371495
1679.049822
3416.122900
3713.316054
2119.460999
1967.110744
3104.251763
3590.241954
2169.071201
751.821810
2391.445005
2085.956991
2105.889400
1825.560072
1486.480909
738.633731
100.929081
1724.720324
3416.439055
185.976582
1624.239572
2124.045995
2928.179933
972.007196
520.612242
1915.931937
3014.540371
3371.975334
1905.409582
2108.901640
3155.747226
3525.421006
1867.925290
2202.258840
3320.419095
3239.318173
2040.581957
2159.111214
3317.463062
3084.495351
1618.845352
1614.270493
3018.611114
3102.096372
1827.014559
2067.948752
3033.127979
3389.621698
1934.491696
2010.798509
2741.705324
3516.981126
1654.953216
2218.420577
3250.976431
2193.833373
1787.485620
2164.119363
3113.284389
3526.979929
1733.976702
2216.355037
1516.150357
341.798682
1924.538071
1813.057506
396.933128
1958.368034
1926.575671
1790.355491
2304.553455
2645.760914
1437.149414
1578.669367
2218.943849
2704.333801
1498.915449
2012.458809
2942.832309
3392.181025
2028.673828
2298.765707
474.128664
3271.589534
2339.450550
2231.061393
2904.956157
2183.660620
1246.776980
703.379549
1848.792177
104.489488
268.215947
2025.005019
3191.845773
3696.507787
1966.770745
2418.256283
3552.991918
3203.394965
2188.926267
2411.848710
3666.279228
592.043463
1765.864814
2295.165961
3551.244905
0.000000
