-3.694707
-11.698853
-16.980238
-1.834109
12.251881
1.254706
5.221653
8.841296
-2.048526
0.000000
0.000000
-8.140674
-2.995433
0.000000
2.193657
-10.189772
5.685502
10.562879
0.000000
-5.549228
9.278807
-19.517204
-4.443708
-0.551847
5.790367
0.000000
-1.427878
2.306474
13.190482
5.410430
-1.019809
-0.190528
49.233531
-10.486889
-0.010857
-7.077231
-1.011369
0.780945
-13.268743
6.428972
18.291681
7.431311
9.996395
-38.694959
1.701174
-2.937594
-15.505219
-25.753740
26.323584
0.000000
-8.636803
-18.323273
57.212850
0.000000
23.337106
2.993887
-0.286396
-21.563869
18.627991
-5.793989
27.058718
-9.853979
-20.374621
-19.769089
-1.157421
5.731727
0.000000
-7.897091
12.774151
12.772041
-14.462145
-2.141830
-10.068093
11.836784
9.826559
1.490321
1.766259
-2.580842
-8.457400
7.103759
54.467865
45.217026
-18.930119
38.709932
289.194703
76.959594
0.757673
88.214663
191.977172
99.237332
170.624208
451.053682
137.607582
23.323594
233.215465
520.771080
15.954726
279.691663
1198.348036
261.806569
180.526774
49.859216
406.774313
1054.883449
5.429389
322.040526
1307.704922
242.446295
43.692004
113.955135
536.167044
1288.828898
276.555560
292.687321
1399.295147
1842.382869
214.308118
334.776024
1684.749471
1904.416483
25.778065
123.156495
1501.728424
797.407594
175.067504
142.193098
59.487225
1367.967890
52.256466
109.585910
607.036387
465.624614
147.759769
8.804527
-4.152633
446.335325
98.266770
294.995541
1188.333944
241.028352
209.344591
314.512926
1572.944644
1423.197738
0.016626
105.494010
345.369874
1960.764393
307.510550
399.314517
1245.867428
674.575697
139.939413
37.123600
1750.778793
2916.173254
80.582476
110.117586
1874.590220
2548.507861
96.171915
28.215689
815.465248
2384.356071
124.589788
137.373290
1940.711853
1692.069299
228.895960
7.053830
992.072001
1856.883854
147.532378
216.192928
1500.708848
2374.881287
136.727921
251.877615
1668.386732
2372.617971
27.462961
103.538703
1811.535138
2151.694543
74.460417
178.187372
1518.966307
2767.234249
182.842928
33.808229
1232.788254
1890.613109
156.927815
161.443919
184.221942
542.690990
14.989815
199.571347
30.462787
1906.883850
206.254195
64.470971
1312.411626
2574.261175
63.298932
105.367553
412.752096
1201.091807
234.607076
128.884052
261.506760
1983.561029
234.142887
258.401221
1060.943101
2258.695665
85.487120
118.281583
2089.074727
2653.874018
258.947049
66.600057
1269.322902
2740.486107
185.554491
138.042951
278.029151
2515.011812
203.809426
200.157148
2185.676474
1656.399477
225.154873
230.724646
1907.324083
437.760826
239.375806
69.803698
372.543919
894.911818
88.196546
26.741774
888.467775
97.361477
91.696050
212.455176
1899.874745
770.395112
347.807293
102.172028
532.968262
2291.590048
72.251503
29.150894
1965.235586
2537.479893
235.232224
409.834508
1739.425341
3105.208708
312.340950
300.429877
2339.461295
3078.831595
284.211520
204.500696
2244.099871
2289.090446
251.061477
102.455553
1664.937363
2365.051999
82.653824
251.260004
2360.717315
2566.911871
60.752680
297.545724
2397.558121
2614.127230
291.126804
267.663473
1114.369523
952.623653
417.574410
388.491941
2131.676898
47.780055
210.795967
102.761201
1353.195717
2248.091381
90.291442
76.430598
1442.168598
3072.417102
275.271297
246.087832
1404.896707
531.816959
316.946571
304.690726
2505.774714
443.108694
115.613654
226.546999
1996.708069
2513.144763
129.017165
183.307682
108.135689
1288.517685
385.651928
299.424672
1999.886241
2170.728804
230.842126
250.326960
62.152540
2230.704509
244.992492
80.395660
1314.234330
2686.929656
95.285517
139.157543
2076.611472
2114.261967
299.345317
298.238658
1900.270983
106.707962
304.869066
204.773911
1106.040989
2686.924800
312.050027
236.870501
241.261319
2842.068751
308.622591
256.932325
-7.232480
1273.801065
382.764321
182.840495
572.457883
2140.346810
285.231984
267.457178
116.646275
1334.149509
437.770288
269.932689
2179.252342
822.537298
326.366069
163.999007
846.363045
84.102408
290.249507
393.537070
2250.870186
2527.571707
408.413180
247.943899
2080.143110
2776.080774
51.358128
195.496640
2208.959307
3386.503860
376.405482
204.582730
2044.521313
397.700751
242.300765
169.036266
1247.662138
1634.151370
326.385426
332.877111
2307.445180
1365.638116
385.145118
349.235355
1680.328471
1826.664366
123.223956
203.935395
2449.517653
2337.655215
398.898206
243.643318
1916.017667
2763.508721
515.469912
206.428297
740.654805
2833.120682
492.595327
422.906156
2138.175949
2091.237943
360.128567
318.270682
1409.523127
2281.195597
617.547285
501.629081
295.892752
311.171040
529.632331
296.848936
17.588061
717.782828
350.029428
73.551590
1641.659076
3120.932427
433.089744
528.314061
2321.991107
2266.317416
582.684177
498.958017
1511.802832
1492.760022
263.259647
151.837294
2003.420850
736.153862
391.821612
72.184565
543.647446
2449.109522
666.833596
449.780051
2402.538755
2504.722501
497.116325
370.600336
2388.522492
283.655682
90.127670
429.659580
2177.033400
2503.348987
309.255042
436.611125
2284.527806
2443.267299
570.240253
620.800805
406.012248
2326.660602
427.266345
378.342886
2369.924175
2946.626322
488.252723
326.302110
2779.626752
2781.843140
412.501496
431.639053
2695.937644
1431.458949
372.054677
348.431858
2609.598910
18.591632
277.837185
225.821645
77.793164
189.760388
250.909196
355.531647
2390.943570
418.068265
46.760656
271.563156
2529.381526
241.674287
306.356295
571.474374
1985.202209
2982.653070
407.472140
524.116775
2383.229551
3258.171584
554.979716
604.471822
1505.790710
1416.169821
522.073226
542.171920
2128.932091
2823.926314
556.420121
502.022412
2366.193020
2548.199844
364.246422
249.519994
1033.715861
1111.240907
443.374229
474.970872
2123.799809
102.451384
326.872821
521.589460
2106.372526
1682.748844
411.895612
495.724253
1863.256730
2796.758727
562.692260
594.252443
2453.892119
2537.887408
506.866660
308.520081
2227.606392
2498.793367
536.195927
461.601985
2894.684187
3302.416807
440.341651
317.818609
2321.227440
2690.413280
273.773968
114.141776
2412.469206
2300.824484
566.209511
369.679245
2438.671327
2391.028875
372.372824
467.618181
41.304456
2748.398988
329.599598
444.588869
364.907277
376.263111
52.296308
306.362028
294.890570
2167.079593
477.792683
522.831256
115.029764
263.247282
24.828019
486.128771
2136.577556
3064.953881
524.192811
591.186359
1816.434349
2523.366169
453.137666
584.434130
2249.511008
2231.073482
454.997517
658.899185
2217.386202
2684.864521
624.800343
669.797439
2504.936104
1404.718317
307.757825
220.782865
2545.616779
2748.469808
121.403000
357.481979
177.041213
101.998260
532.373168
489.187672
2346.963214
2256.205621
250.446076
539.051327
2731.879177
3457.528862
664.933383
383.934773
2288.852157
2965.039444
659.257871
357.279188
761.880927
2339.883282
443.502511
399.033466
12.266697
3139.697952
603.664425
578.072446
2050.818234
2573.686131
322.754654
385.747983
306.138140
547.009703
517.529087
538.074154
2065.818907
1363.929871
531.059664
686.735245
732.591620
2284.436952
522.158256
146.912612
607.447319
2204.440863
493.752201
103.734647
1728.857791
3071.814349
593.795431
712.901265
939.210477
138.425461
267.746014
335.813561
548.486130
2258.164040
595.829428
776.578298
2543.158891
1919.873882
107.099853
79.450317
2092.734483
1992.705233
655.803662
532.489153
2022.653289
1218.341331
137.615018
539.886838
2574.470428
2120.186844
343.176551
93.258747
2501.941702
2079.215809
299.973548
122.441166
2537.737686
3276.274946
634.687257
403.957877
2692.326815
3158.294640
401.271881
449.956262
124.671893
3311.082017
575.490275
102.750823
2008.449294
3578.315675
447.775741
330.209123
19.871436
3119.019500
659.309385
376.300860
2432.973104
2921.437091
427.993585
606.348041
1452.804159
855.086675
179.705476
388.459497
2132.107815
1780.504531
751.500948
582.469589
2874.150354
1241.804639
695.169226
733.138228
2539.256905
487.247128
86.697639
752.363220
508.501459
2889.883407
489.165298
684.671986
2566.882969
3336.953236
547.311740
66.425892
2166.056914
2405.238077
594.674428
522.416704
2336.001807
2777.705358
221.598840
27.221097
993.700962
1088.326073
546.492718
487.624506
1779.348783
2523.488951
460.457537
643.001898
236.442910
1064.495278
429.988737
721.933931
2326.237115
2315.795351
506.951013
566.202009
2273.047893
2627.628263
268.654362
602.197130
1906.106120
18.232165
584.331055
605.178953
1497.500800
1525.561137
471.830146
46.050352
2279.672834
862.851099
73.981074
603.912790
2233.610004
293.159345
321.648385
700.936110
2113.292832
3354.727085
898.093165
784.568783
2294.320659
2456.342294
667.593055
587.947000
2251.890917
2943.166034
134.765567
459.572490
2883.092056
3393.062285
591.990540
707.753026
1369.140011
2634.030550
763.746624
580.416252
2298.522806
1917.350293
571.561669
588.243300
2473.582888
2750.160493
703.892588
424.908711
649.222224
2910.175444
708.187912
673.440373
2975.751223
1727.632224
951.286616
777.820499
2234.108026
548.009703
545.335133
830.422723
2024.542410
2982.870487
644.148960
988.602266
2737.236519
3198.047668
0.000000
830.181233
2644.014021
3491.999777
859.257401
16.341613
2552.808660
3316.940765
698.369654
704.327429
2186.907512
3438.231017
715.140636
183.805690
1786.151333
2096.040087
942.816197
827.333374
2649.585186
2899.966691
665.981371
815.493873
2449.131151
3078.272279
942.178241
816.309534
2542.927090
2856.785757
754.445998
932.007119
1646.092399
3315.813183
756.574204
1044.308382
640.889015
80.393179
55.835947
893.354281
1346.478883
3446.267467
847.642553
712.835772
2068.217507
44.622655
913.881722
1068.792254
2681.903868
3060.681009
1107.499087
1019.216348
2595.944426
1925.877280
936.115018
926.715859
2853.292403
241.603302
588.841789
937.842070
2764.610176
2127.845378
879.686073
990.288016
2681.779131
2859.625745
837.581883
1151.834148
598.330576
886.940904
943.096096
903.320832
2283.113027
2532.357241
674.383956
1002.132668
2443.047257
287.239830
508.460942
897.601273
2593.200776
3086.650799
616.560752
158.688659
1204.656317
1150.885422
754.202689
917.308159
2640.544304
2816.552731
1089.360626
1058.274949
2096.072554
3031.317798
939.078630
1073.706658
2036.372803
2936.601950
1289.954726
974.968654
2481.143838
3222.670086
1144.851696
1084.000307
3092.535425
311.997642
940.229050
1255.184298
1720.765872
2536.987245
923.432296
446.937020
1248.942274
2960.779811
1293.993466
1308.360004
2725.868860
2973.341246
1317.322421
1329.801726
2760.106289
1992.951915
974.148819
1112.354207
3047.952249
1698.729495
1046.973151
1381.624760
2038.546662
1117.878508
960.231147
1140.450068
2979.634458
2980.767683
1159.766931
945.742727
3044.271644
44.724334
946.232156
1007.226819
120.175997
629.113008
350.108860
1095.430927
2002.627131
1072.909185
1154.549712
1116.232119
237.518982
2106.636666
766.376812
234.155792
2825.449808
3531.163368
905.483883
1142.846680
50.751501
3048.511672
936.374282
1019.705615
976.686931
310.244106
922.811356
1156.157554
883.329450
483.566935
1246.611210
1446.114208
2434.409622
118.104652
786.645385
799.145511
1112.569554
2827.320998
1239.144510
1189.911348
2596.569237
3211.034049
1133.295753
565.499207
1096.929497
70.454814
803.972796
1039.865726
2424.908116
1490.661766
1227.995780
1091.136147
1616.585767
2222.881650
704.498532
224.429607
1809.047511
1416.828513
360.304040
610.770177
2333.002334
1813.065628
1324.036733
1284.348882
12.350726
770.781338
1078.511864
1390.971516
2632.076740
3302.190932
1567.913063
1635.366800
1262.882626
550.886108
1258.758601
507.703063
1621.332069
2965.281900
1497.408076
1442.813224
2767.344467
1636.705999
1344.399403
1323.303796
1951.960678
568.670784
864.067336
1559.674370
348.758964
2535.618855
1528.007994
1482.363020
2936.817844
3563.103906
1208.171859
1620.332129
3237.708115
3518.099179
218.010222
107.188194
2455.073469
3642.854581
1596.871136
651.937279
1219.590094
3623.878237
1501.368940
1402.793602
2852.650853
1448.150021
1291.203109
1665.032315
3233.974609
3120.647079
1221.593133
72.431072
2754.418104
2844.125831
1801.604357
155.255205
2642.635831
1198.905485
5.382509
1569.457005
3198.509290
2552.991808
1402.239438
2025.223581
1739.230528
3250.655445
1182.931443
1737.049599
3233.132909
3503.762741
1207.854309
1653.410148
1053.342144
775.112187
1761.547102
1790.232717
3192.842018
154.710665
1169.454581
1660.927960
2897.473121
3076.656453
1328.436565
204.949406
3006.408236
3653.995079
1101.677563
224.717492
1847.720832
3751.797260
1837.738669
1885.446914
3559.688976
3565.530700
1405.594523
1902.873319
3443.607785
2623.076045
1644.332616
1827.435776
3143.565155
3812.327484
1917.364306
1669.566163
2080.762970
3634.813817
1565.762045
1341.180025
3152.398185
3610.526812
1922.152442
1576.315314
3075.466089
3220.083322
2006.904663
1943.916761
3448.876450
952.462634
756.836844
1703.182675
3642.693459
3413.893536
541.857816
1366.714326
3636.876205
3536.245737
1870.944011
2007.374240
3214.574465
3048.075459
986.534050
799.274029
2970.649177
2382.288146
1540.610047
1831.383686
2295.052003
3337.827960
1839.941417
1702.551296
3349.244755
3583.919979
21.348542
1804.047106
3331.842943
2959.350468
1847.028797
2118.095632
3473.997605
2425.052502
2115.739738
201.375876
3081.670466
1324.144960
226.371495
1679.049822
3416.122900
3713.316054
2119.460999
1967.110744
3104.251763
3590.241954
2169.071201
751.821810
2391.445005
2085.956991
2105.889400
1825.560072
1486.480909
738.633731
100.929081
1724.720324
3416.439055
185.976582
1624.239572
2124.045995
2928.179933
972.007196
520.612242
1915.931937
3014.540371
3371.975334
1905.409582
2108.901640
3155.747226
3525.421006
1867.925290
2202.258840
3320.419095
3239.318173
2040.581957
2159.111214
3317.463062
3084.495351
1618.845352
1614.270493
3018.611114
3102.096372
1827.014559
2067.948752
3033.127979
3389.621698
1934.491696
2010.798509
2741.705324
3516.981126
1654.953216
2218.420577
3250.976431
2193.833373
1787.485620
2164.119363
3113.284389
3526.979929
1733.976702
2216.355037
1516.150357
341.798682
1924.538071
1813.057506
396.933128
1958.368034
1926.575671
1790.355491
2304.553455
2645.760914
1437.149414
1578.669367
2218.943849
2704.333801
1498.915449
2012.458809
2942.832309
3392.181025
2028.673828
2298.765707
474.128664
3271.589534
2339.450550
2231.061393
2904.956157
2183.660620
1246.776980
703.379549
1848.792177
104.489488
268.215947
2025.005019
3191.845773
3696.507787
1966.770745
2418.256283
3552.991918
3203.394965
2188.926267
2411.848710
3666.279228
592.043463
1765.864814
2295.165961
3551.244905
3737.678839
1358.476123
2006.843404
3574.421021
178.999278
1502.325636
96.460801
3418.315214
3699.818720
1777.352181
195.939376
3016.860945
3643.125397
2039.237097
2713.174323
3635.947733
3510.853808
2155.444385
2229.729137
3719.055291
3432.156075
2336.429701
2634.965408
3675.804009
3953.569661
2213.781854
2440.550770
3588.545238
3566.624784
2153.178106
2886.541881
2495.919558
3931.389169
2180.532104
2351.413759
3766.897390
2987.670512
2189.705520
2525.647646
3594.175549
2306.313131
2575.451001
2573.399985
3742.098155
3125.951896
2441.647389
2676.105881
3678.000574
2541.070297
2241.902540
2452.259150
3751.836528
3150.327894
2362.761422
2820.297194
2983.484157
3591.398839
2039.907400
2786.736875
4184.538601
3950.488693
2825.436980
3347.753522
2745.723904
3745.512103
3097.440537
2998.719709
352.515819
3439.110758
2976.028618
3052.622622
4049.361508
3987.237969
2554.649770
2582.897316
2963.791944
3821.234820
2621.101131
2911.049593
3554.012202
3725.020744
2735.294266
2647.188490
660.445497
2875.205721
2712.765715
3151.762008
3922.842883
2917.347926
2504.374716
3328.777559
4000.782286
1748.920407
574.873714
309.067786
3779.154356
4081.688744
2830.192898
2735.075672
3977.552533
92.634752
3086.903171
3288.320852
1030.823771
2452.049800
2593.509807
3486.002012
3942.989802
3656.579281
3409.099665
1647.884065
1479.718763
3584.513695
2724.637268
3689.495900
3779.381768
3969.859547
1197.850824
1136.354700
615.616760
4208.596905
3175.812508
2972.349657
2582.536852
158.611452
3135.214608
3250.906406
4180.041603
2326.036501
159.407111
3215.181267
4207.414972
4051.290240
2902.855159
2836.089635
2420.185972
648.468036
3759.233065
3342.608982
3658.667755
3522.092457
3472.022406
3375.640563
3977.583316
2781.983806
2654.097680
3575.052045
3673.448829
919.745482
1857.372554
3112.222162
3652.585549
3481.154944
3478.183228
736.396149
2952.745131
3386.688837
3483.446177
1713.426495
1222.579003
3400.860494
3106.962020
3502.343583
3657.440761
3429.593811
3507.690685
3371.731121
3742.276272
3348.408406
3618.471117
3823.288669
3268.104210
3349.755598
3678.037923
3926.042625
3395.914203
3837.089937
3891.535523
3877.176279
4177.088549
1407.076786
130.838700
2320.926878
1654.208925
1945.105484
3817.981640
3922.553921
3044.366668
448.711460
3959.149572
3931.679083
4016.001782
3994.880301
3591.007563
3698.227262
4262.089488
1498.821851
2066.181325
3747.032182
4204.521051
3366.109664
3787.907594
3774.676158
3908.334619
3450.280188
1472.193928
1892.784660
4344.786261
4114.637923
3205.734705
2772.735513
4224.747107
4231.262859
3812.177219
3956.764688
166.489467
2439.939357
634.782148
3188.758662
4147.391888
1391.132406
1847.775871
4013.564148
4544.329413
3107.081863
217.502539
4149.277182
4156.585288
1111.529480
2072.695626
3735.297173
4395.403521
3464.479112
4119.647734
4155.419275
3535.796232
3823.931255
3709.488322
3688.572798
1622.726481
1398.988551
3985.412829
4033.123221
4350.365409
3734.851217
3998.932192
3947.224933
4383.883284
3444.100685
4352.502000
4058.177825
3321.998445
3559.398593
4316.855832
4194.579535
4069.574841
3946.753697
3931.918022
2210.873355
917.259380
393.207617
3611.173035
4214.604062
4127.775136
3573.819145
2824.410507
771.373256
3951.799754
3588.831402
3664.872464
4327.173896
4183.763084
3750.793715
3837.253377
4125.094045
4349.529764
3614.299724
1783.604164
2379.604290
3937.682460
4417.537926
4038.026895
4446.101358
4198.447150
2504.672313
1166.668148
2193.836873
1376.976574
3820.487967
4282.186808
4585.564127
4376.192831
4338.269449
3904.972538
29.248742
3086.949312
3823.806887
3192.853765
4043.134544
3337.880486
4259.591787
3738.959374
3562.530546
3598.353326
4325.480553
2974.387433
3273.068194
4493.802897
4313.305396
3524.796855
4275.263679
4607.539875
4354.488861
4152.879102
4075.414187
2822.524387
838.348530
3370.961738
4040.109627
4538.383492
3650.036188
4092.948665
4360.050686
4486.834618
4294.735433
3209.994081
349.820202
4127.167288
4503.728083
3983.475452
4057.761241
4382.378392
4224.889646
4180.440584
3919.379678
4444.042619
3465.863480
21.392844
1767.040118
2427.437285
2875.615038
593.548035
4061.193132
3497.328744
3870.001739
3605.823426
4237.131638
4451.939641
4375.352250
3872.617568
4128.757137
4296.248645
4635.610285
1553.185819
2165.445156
4300.194884
3971.574980
3455.049389
3722.730528
4231.859990
3167.089721
292.522746
4144.467678
746.305193
3429.483201
3792.062464
4091.714829
4265.983595
4440.936222
3987.165896
1452.687692
2783.246280
4417.500660
4223.827853
4204.742364
4569.061318
4299.178790
3537.955777
4213.627959
4651.779886
4220.987503
4016.639066
4284.858797
4544.938111
4200.224914
4569.617873
4191.956112
4006.850484
4651.703900
4481.406434
4052.244400
4316.544257
3853.014643
4370.112696
4668.169706
4126.915212
4236.932045
4022.284516
4254.451405
4679.293799
4397.700658
3325.932831
4028.397538
1831.059615
1612.206899
3919.357243
3842.986924
4397.847735
3994.702489
3444.406850
4144.577102
4217.851734
3736.744516
4342.880192
3476.429811
4031.853625
3958.178125
3431.180929
3897.183846
3503.451531
3897.669993
4422.548948
4396.334119
4162.494877
3953.104705
3453.380251
4161.392640
2666.121228
639.226403
4497.344955
4293.078975
4464.301111
4299.942962
4487.964140
4470.158250
3705.330765
3399.508751
4045.833150
4121.605863
4384.926373
3869.687440
4030.132770
3810.004524
4628.147530
4367.474131
3431.126415
4558.846420
3538.661016
3707.391382
3582.066134
4303.804822
4278.182397
4427.316115
3766.737890
4556.536717
4478.375089
4280.770649
4034.227916
4685.625900
4654.151985
4250.497412
4201.832683
4368.236692
3644.338350
3791.774308
4004.278911
3753.536814
3028.041278
669.134732
3839.224908
3472.712851
869.536274
1468.704751
969.957084
13.125747
4614.773873
4333.909445
4245.036245
4323.343672
4196.783001
4538.712165
2233.250725
2031.924722
4280.427504
3854.736634
3355.903846
4095.462762
3132.446443
470.878579
4177.372686
4305.430136
3704.350754
4641.304127
3114.143143
4312.854357
4362.316167
4278.300376
4028.843404
4164.243729
4527.755099
3598.241517
4079.748048
4190.297895
4229.770782
4169.588591
4251.485260
3908.778806
4077.165902
4610.072861
3553.499083
4665.683690
3670.667922
4161.734438
4386.096534
4044.249109
4226.423549
4128.602399
4198.961401
4010.886124
4057.985025
3787.833587
3806.591546
4136.039320
4138.225838
1962.969824
2143.757579
4122.436518
3996.716704
3717.799893
3977.135359
4329.014505
4344.408897
3973.781598
4391.779735
4590.895672
4644.345220
4019.655547
3906.408788
4230.569007
4321.074306
450.468276
3516.380349
4292.247105
917.432971
3213.190368
4543.148056
4825.166620
4491.853912
4403.809936
4276.460059
848.580519
3658.968230
4341.209753
4846.249601
4564.006641
4622.893994
4079.787498
4232.955862
1841.904671
2046.877696
4125.649424
4326.452484
769.690977
3308.925748
3639.620910
2715.260066
1408.543159
4029.969594
4108.048359
4560.118754
4551.953391
4620.729682
4066.079000
4156.445838
4284.599519
4207.439977
4121.804748
3401.977852
3859.573408
4288.873216
3986.565964
4677.880236
3908.261622
3777.919907
1870.814271
1422.820706
3947.893894
4158.346357
3417.862663
3030.354576
3807.274493
4134.278443
0.000000
3788.981250
3570.814265
4180.211115
4470.128981
4377.066722
4122.890719
4416.635887
4029.964291
4582.941538
3907.100398
770.074166
3127.657069
4893.261909
4196.704185
4200.084239
4053.770291
2793.561301
1477.645108
2294.047646
1124.933801
4046.169591
4423.388223
4106.707470
4427.895400
4207.482353
4196.322212
4251.713926
4332.122876
778.198589
3270.611366
3961.950282
4115.246330
3188.364315
3371.324347
4407.362418
4287.113548
4580.324381
4528.424291
4478.684165
3069.247898
474.852004
2559.429653
1266.972358
3334.716137
4251.384173
4730.113889
4195.310918
3991.564411
3994.485539
4765.014534
4308.719491
4440.418409
2811.302457
506.291069
3480.951665
3867.965436
3919.799844
4890.811451
4564.671867
3211.811795
920.175155
2979.828245
4438.522822
3975.739525
3147.694214
3525.370516
4449.424068
4106.643840
4002.926378
2878.315731
3806.287778
546.095647
4035.410842
5148.260807
1892.682281
1574.564584
4285.054832
3992.060869
4440.080059
4667.770295
3728.640669
3579.395343
3581.951483
3873.375284
4313.128037
4525.842911
4475.127110
1609.520177
1989.357972
4632.560300
4505.479099
3934.371222
4219.393229
4429.845009
4298.900981
3655.442063
3940.995822
4294.375476
3970.461487
3353.767324
2381.149838
1712.784649
689.527990
2969.334802
3587.037976
4506.739076
4138.714513
3659.447298
4378.620664
4590.989750
3993.942700
2624.088199
3668.028250
4353.790658
4337.867945
3349.195318
4198.067855
3966.787227
3890.172569
3224.156745
3796.675235
4640.060310
4133.322348
3181.686967
4976.177135
52.884046
3913.655967
3297.524262
4855.963325
4663.167616
4239.745005
3358.628403
4136.655188
371.430099
4158.075669
4204.434252
4292.661298
4547.820330
4400.501822
3947.695703
4671.130721
4499.246900
4184.116628
3695.529380
2835.117056
1230.052191
3403.769610
3192.437723
5237.088715
4615.904837
4115.561170
3597.898832
4343.923655
400.726794
3594.353472
2508.966249
1159.610114
4200.791277
4097.886501
3820.866708
4561.466340
3237.997130
4067.599399
3955.821789
4381.838596
4092.984269
4315.584443
4048.316880
4617.303889
4906.677004
3664.397577
137.790303
4380.468425
4547.037528
4799.759689
4371.684709
4373.397804
4698.065131
1842.246776
2293.071065
4098.352787
4819.214738
3904.521839
4318.841507
4360.532617
4412.930077
4980.763023
4351.654212
4592.861430
1077.835242
3285.893349
4150.895862
3569.292600
4795.893972
3871.264336
1290.212515
3220.161511
4773.087890
4633.679388
4263.646966
4957.262380
4811.023559
4378.104569
4258.410539
195.486641
4461.827106
4477.009062
4405.923686
3933.153062
4742.706063
4268.741489
3920.943047
4454.676011
4776.725318
4736.061989
4008.115126
4457.182536
4566.459491
4446.111174
3997.190496
4399.305019
4621.734624
4361.836914
4397.849696
4710.661258
4758.717480
4458.008845
1343.530971
1946.376603
2533.448654
1367.909420
4745.510561
2119.901561
0.000000
1012.159070
4143.240830
1116.102336
2103.620770
4301.753774
3956.650876
4078.088981
4432.029832
4231.551514
4025.328600
4176.310287
4795.197407
4634.656086
3952.811240
4399.341173
2837.478558
1031.217698
3656.671229
4831.627842
4485.309031
3039.827235
722.759696
3764.321962
4343.521383
1548.230245
1935.749763
155.782146
4498.710468
4039.328900
2186.280148
1663.686816
4895.992376
4948.942258
4334.338970
4583.412418
4962.192198
4545.046844
3955.627287
3882.763773
4194.220217
4517.650874
4114.325967
4285.410489
4977.094100
4989.791304
4043.558675
4611.745368
4818.431641
4282.720870
3835.524098
3595.401956
4966.748054
611.340994
3257.015600
4631.348352
4730.009478
4986.716694
4210.632654
3228.394471
766.135054
2338.465986
1679.001704
4513.333708
4757.170012
4792.499168
4606.166720
4449.212208
4879.129704
5110.006417
4497.065659
4521.822459
4992.304296
4700.265685
4508.537315
5168.885689
4946.380613
778.762163
3567.853623
4451.485476
2537.228983
1733.786759
4230.170927
4563.669395
4910.000778
4920.595475
4422.817052
4627.663165
4748.654037
4510.267640
4452.317019
4080.578024
4785.950640
3867.548549
4180.734818
4640.679139
4119.064838
4235.233819
3860.272403
4745.618804
4835.371856
4328.620632
4276.595011
4895.138563
4636.953581
4379.981812
4322.847264
5032.595130
3684.155516
4475.303312
3983.862788
5247.700669
4658.961249
3857.080851
4001.171837
4004.095289
3849.926719
4432.597279
4123.653844
4481.844779
2388.960908
1400.532219
3972.088565
4695.861069
4216.547652
4426.845128
3970.666479
5562.241003
4565.621973
4675.481962
3947.501110
4219.829291
4834.003843
4172.999051
3546.966952
4641.065745
4045.023744
4411.257758
4027.302984
4921.074795
4582.226130
4129.563741
4490.095159
4934.686158
4844.185999
4077.782777
3786.044787
4854.718045
5014.033657
4355.996457
3968.161386
4829.590294
4559.021685
4510.896771
4104.212028
5026.882232
4760.988629
4588.080457
4232.134257
2495.591340
1979.303122
4658.200411
1002.773756
3738.962069
4452.072694
4557.485122
4127.388640
4878.240228
4730.795959
4395.973919
4047.349723
4800.654670
4903.729812
4659.118199
4833.354871
3985.417036
4991.491103
4836.631171
4105.960561
4549.489368
4211.386984
4277.346165
4496.004249
5258.491042
4738.067359
4056.801648
3747.720244
2904.299572
1545.525537
4154.866559
4147.526232
4592.170099
4909.246307
4554.751179
3336.430081
705.852808
4601.831292
4265.522521
4151.490073
4760.846152
4664.150774
4317.849048
4147.076289
4778.563611
3946.949809
4454.015795
4097.590470
4654.057245
4735.596441
4139.908016
3729.130408
5147.853964
5120.885927
4590.286209
4286.191948
4697.812967
4967.082783
4495.760116
4701.037987
4438.593651
4076.343191
4519.917821
3847.630973
4616.888370
4896.410096
5059.937027
4605.496849
3708.832989
4721.761021
4915.111279
4506.724416
4639.106328
4938.423736
5016.185702
4432.824675
5032.886049
4916.900294
3564.019734
186.236607
4664.752944
4150.065875
4668.479257
4209.587548
4226.397739
5002.713967
4225.087405
4683.117234
4656.263041
3743.766646
4337.926597
3865.603250
4891.188669
4657.890168
4733.081725
4482.661537
4950.772768
4848.067470
4084.227292
4227.587671
5109.021161
5315.691092
4219.830540
3981.751177
5094.125094
4752.272414
3464.771319
4677.032369
3527.388127
3132.144174
4221.023756
3655.715423
5257.028594
4778.143780
4093.527356
3579.856817
5683.439141
4672.505412
4127.389054
4130.952834
5000.829057
5091.334546
4191.737448
4745.389045
4726.390507
5393.070246
4352.953171
4137.189470
4391.768002
5098.985278
4682.128534
4171.013429
4943.988300
4860.986125
4630.535822
4156.749485
4956.771323
4291.778118
4353.106303
3487.675132
299.928547
4737.824649
3060.966399
755.172225
4768.172357
4376.264568
3961.792772
198.672862
5037.764238
4777.224148
4306.331582
4351.566731
4654.017936
4281.008451
4625.797156
4357.621607
4772.702817
3484.661881
4297.487607
4293.546488
5062.515265
4513.295948
4348.705270
3348.058770
3915.160209
1592.956395
2519.129036
3999.446393
4984.385555
3837.090311
4299.722231
3795.512265
4668.965463
4465.762934
4084.340052
4152.333273
4806.582506
4332.944067
4279.938830
4540.728955
4704.063819
3454.930542
4371.301371
4089.889270
4761.953309
4294.058156
4377.549049
4114.148709
5042.758805
5122.137142
3990.494304
1769.994403
2209.736313
3832.914534
4247.621028
4490.075695
4914.532639
4100.253283
3125.722554
559.257699
4888.077310
3934.502467
3536.765209
770.713698
3553.154503
4704.173573
4484.182857
3563.371065
5369.356223
95.662084
4510.757395
4557.097794
4326.378034
4557.642619
4395.418875
3921.875207
4205.662989
3075.230200
4155.007231
3740.725560
3993.560177
3826.586381
3628.424063
3468.038689
2679.790031
4106.229731
4176.899502
56.040209
3873.656423
3969.763798
4130.627520
3613.332858
4190.702779
4597.479016
4306.822466
4072.341783
4884.697049
4540.558734
4211.853693
3947.234524
3943.963940
4399.146970
3778.794589
3774.345069
3935.097138
4554.240157
4491.977806
4654.685447
3880.145137
4237.177803
2291.498888
3741.878185
3887.680081
3192.194781
2381.377211
699.679913
244.536489
4327.592755
4471.404006
1156.213528
2847.629007
1504.165372
2569.227397
3774.358526
4216.502766
4695.083872
4107.197393
3911.109536
4598.949020
4594.750261
3999.699873
795.707124
3688.617387
3338.284737
631.139724
3570.900876
3737.426432
4350.407796
4348.196383
4610.360073
3637.858535
4357.327937
4232.748980
2926.246696
1285.673973
4619.842361
4132.387421
4137.288923
4704.587042
4148.267496
4427.507977
3872.077391
4870.255199
5190.095834
4582.121997
4286.409346
3881.158232
5066.268725
4615.151533
4080.020450
4726.060649
5087.724379
4482.157360
4099.283892
5282.138957
4554.819528
4766.921526
4046.125907
5455.812491
5027.284909
4497.812357
3847.863515
5443.186315
4604.177568
4362.765161
3985.713522
4829.129252
5066.123649
4300.963864
4071.392289
4251.609437
5257.172014
4565.432461
3840.484365
5148.249999
4581.097970
4377.765886
3925.759804
4749.292021
4931.777865
2908.322725
1278.274513
207.548443
4216.992339
4966.089634
3955.342069
4949.322457
4745.533379
4487.984354
4127.135978
4569.720073
4853.832156
3924.611250
4071.625546
5151.304278
4721.628533
3966.515268
3755.870647
4824.252876
3464.546766
588.740309
3569.307380
4561.766156
3854.438180
4136.067126
3745.007945
4680.166206
4462.562148
4214.958105
4066.053958
4733.286221
4678.414887
2761.815442
1128.307855
4759.742990
4148.610548
4376.737220
3763.487316
3148.845364
1142.854990
4231.771163
4018.869965
5166.621048
4889.385515
4481.818147
4134.895082
5085.757625
4692.357061
4586.092444
4208.065529
4527.851950
4635.204468
4476.627805
542.214820
4101.936043
4685.128447
3750.139925
3696.023227
4557.925814
4825.454196
4064.899092
4555.114561
4233.987864
4554.360467
4224.720496
4049.832964
4629.362925
4717.657217
4400.938698
3972.671979
4750.495741
2700.762354
1282.886322
4296.640099
5347.315054
4895.684152
3122.285047
717.181405
4848.228286
4601.754835
4574.968073
669.455118
4189.928536
4731.388361
3767.389083
4129.544833
4238.789543
4505.749260
4103.005530
3775.244117
4929.303587
4391.251694
3945.060562
3981.066648
1669.269137
2491.225307
4383.911243
3535.733708
1620.488360
2068.928570
4006.573012
4177.924978
4311.225481
4640.218874
4280.383991
2680.122994
1714.038393
1808.927531
4243.026588
3973.455153
4468.158635
3438.290353
3842.258941
3757.897997
4773.914036
4173.769978
3807.383100
3914.956168
4612.366544
4256.772608
4315.543886
4142.401986
4627.300392
3987.954718
4237.115153
3687.263395
3921.888610
3755.454139
3295.581209
3761.195533
4428.279766
4690.266346
3314.048115
3873.699483
4026.516359
4177.945584
4084.515961
3806.329466
4142.661380
2791.235102
4298.018787
3656.625761
4630.321737
242.857502
3258.615048
4192.430530
4637.375668
4708.122824
4105.579265
3995.978451
4492.371521
4184.233445
3896.698967
3720.226022
5082.676793
2821.674219
3832.599295
3560.797148
3885.908668
2026.276496
4270.239587
3664.795676
327.514130
4763.161819
4343.138074
3957.170218
4730.345714
4278.766214
392.984784
3724.614258
4453.503805
3340.453212
720.387975
3937.821188
5096.986001
4603.330948
4972.768212
4030.119936
5312.800709
4634.215362
4545.415588
3554.528535
5165.375067
4352.731325
3718.792358
3792.387202
3724.297623
1180.345162
4098.302102
3686.190645
4939.168528
3749.602158
3789.574818
3291.740153
4880.773332
4141.385229
1753.256698
1548.464779
4893.293995
2985.212677
3687.444655
3430.979328
4522.742716
2902.164821
3841.614260
3363.686085
4686.716470
1586.205953
1606.071379
3579.025451
5027.912808
4406.145550
4187.461219
2318.539214
1064.480118
3665.931328
4675.713796
3672.741321
5242.433413
4841.858072
4659.430308
3885.941333
5244.274145
4933.400789
4308.805528
4156.216979
5158.865808
3520.797817
4392.791981
3958.401619
5467.221547
4934.704476
4273.467023
3858.965585
5239.149576
3820.457158
4127.897722
3798.658359
5381.057854
3241.945249
985.107478
3852.584462
4918.678787
4882.114815
4979.274004
4247.904565
5049.619722
4331.885297
4303.760793
4874.023905
5187.385372
5095.956640
4522.103134
4093.052145
5040.404740
4213.058204
4350.081775
2293.712341
