-5.166207
-8.600549
-54.172005
-17.571227
-1.340905
-14.518409
-14.021770
-13.117685
-0.349476
-4.805564
-6.547666
-25.287074
17.886384
12.275503
29.537841
-9.713641
-10.794571
13.216449
-18.439163
-61.834402
-7.912219
-3.541772
-11.864278
-23.655865
-1.632838
8.187403
-46.840046
-8.678180
6.834095
2.102906
-4.916940
-18.514459
29.259846
30.452225
-1.086153
-24.230236
104.492152
14.093944
49.730950
-70.731569
10.200696
-10.270212
81.665721
13.711276
41.030432
43.289517
-19.189859
21.754564
194.001138
333.064260
-26.827000
109.246892
4.617723
22.908932
62.864211
-4.496441
-2.627400
8.952578
24.253345
226.597297
6.328904
0.095857
30.389553
0.000000
-6.865062
5.235569
3.806188
43.911784
3.902642
-6.747320
0.719278
-2.700699
-2.600543
14.059811
8.962853
231.370228
42.316879
66.791695
210.221673
202.894899
107.728101
41.812107
6.135693
-45.796366
42.648021
33.116894
398.677349
145.219762
0.000000
8.553173
445.924538
166.003995
-0.560211
0.794147
-18.577210
-30.105511
6.871351
13.231341
980.307354
-9.406290
10.336641
38.393545
305.895943
0.000000
2.562716
51.943532
17.754726
250.198314
0.471372
22.642024
56.943930
39.976095
-6.428862
6.203406
-25.926442
28.857262
-11.662571
0.000000
263.914427
273.912812
-12.020509
180.755797
1018.825065
1377.282099
2.347769
104.407093
831.056620
43.932242
-0.211386
-3.867414
89.529903
-6.060319
4.296196
20.094566
89.640665
483.592076
6.499203
-20.926123
702.524740
1862.602470
43.742222
31.428932
661.839333
1074.452161
24.308496
13.792469
-17.115228
782.614504
11.950979
4.775390
79.655720
3.198759
-2.802740
4.980788
232.020722
-1.483079
-7.978594
3.835020
0.000000
69.060254
13.744346
-14.404919
88.878670
25.162621
-2.264285
8.415087
122.564681
1162.282043
-3.050618
9.189308
1813.131226
1444.233748
-3.859759
23.893740
1928.893182
1145.219587
14.605382
23.266092
1150.491813
1218.009960
128.402158
216.556870
740.021992
113.468999
104.553526
247.222739
5.603265
71.468007
159.041578
542.781758
65.451184
791.695438
278.260778
392.424261
203.513657
28.103241
52.528769
503.249716
308.721328
178.228178
11.080221
360.852150
133.499521
244.703437
157.707878
425.271965
188.184864
101.703143
79.670099
13.252441
644.942616
77.706048
95.168479
129.725876
75.057537
88.832982
247.259868
83.773126
162.272202
140.520847
25.375603
32.237553
347.031755
157.112253
455.527981
467.992582
127.891526
61.797224
435.368874
255.018579
18.344305
-124.787855
114.166665
170.681065
-113.056402
-39.675782
87.853591
333.326795
-56.148946
38.513914
278.840736
-5.037081
-42.403918
15.083866
3.393422
154.847421
-7.767302
261.842979
126.371661
125.147948
160.760780
67.379451
135.253121
13.597444
277.043567
15.026261
339.150306
185.478715
736.746224
42.718366
262.849204
410.873208
176.568178
32.948344
166.833606
508.428455
184.317717
232.720947
85.267540
46.588019
29.240972
224.083970
6.672003
311.326430
14.094876
82.043444
371.389023
438.857873
46.530070
143.473339
537.453387
654.265628
245.746721
50.966951
204.961348
46.418460
37.861467
261.965084
799.762022
512.667511
878.876417
530.920178
746.294648
264.051944
141.562473
30.764683
177.787180
561.204819
176.627278
165.225458
594.021317
914.714395
113.491062
43.889064
625.366130
485.890260
169.898242
-3.882052
409.165117
645.390440
316.996558
-23.982506
449.193485
888.377363
1232.389291
717.322412
819.345313
766.733113
572.863572
18.099534
209.251672
210.366744
224.754255
125.836131
149.195771
994.750514
175.632111
616.712891
553.166933
637.277918
615.791837
211.080823
206.172963
899.906251
1477.024592
249.095198
484.559158
930.013609
834.134349
-13.280365
97.945779
585.396506
287.305295
1352.049189
877.602896
341.656791
484.776690
181.411894
785.226908
175.223268
1072.467373
1463.246997
80.707192
1198.497707
816.792381
87.228186
1136.825279
922.897455
1817.447250
55.124510
113.497839
672.733166
71.581212
174.948621
418.164844
88.283719
237.259950
-5.535056
984.241083
38.806738
859.414328
51.031445
353.131314
1002.295639
60.996968
339.532947
327.460311
851.217064
811.762640
18.302497
24.557151
525.399719
563.900578
94.308263
493.054283
1217.689489
181.554155
65.956174
1114.792009
200.462371
1001.223110
461.293670
607.269637
1284.048560
900.937068
73.346953
372.416954
1558.888345
146.846512
158.043793
196.233575
1031.800973
1477.012772
82.353143
30.220980
974.877003
1742.823840
1237.563532
5.670884
1268.509976
1071.643509
26.590714
-21.664416
655.504168
219.269211
476.823926
901.988777
742.140500
29.032560
53.243011
394.724601
389.700560
186.663691
59.884074
42.479005
1118.748322
377.823960
47.919190
348.921671
1164.172397
1269.276675
338.524141
1390.199010
1186.158894
302.714596
-13.819107
1089.408793
1497.901086
103.265854
147.094974
1373.342473
1417.791837
131.856408
63.695148
1573.174076
189.299324
105.309954
1042.215157
2035.102882
1428.626218
84.141685
859.309960
929.293588
1586.259198
1014.308268
919.638486
187.687744
1545.976107
174.450196
65.839037
118.757830
138.383190
1548.997201
83.798310
1739.405704
563.504985
161.530436
62.179665
288.828995
177.602366
467.094049
34.577525
1780.802055
297.751664
151.999753
94.463527
1110.213453
1406.794416
109.630193
151.805569
1840.576429
1036.545774
326.102733
49.475183
2148.965259
1697.071525
118.095382
843.303227
1171.766225
1872.642445
102.101384
150.755323
1532.923240
649.917434
125.929623
38.554567
205.103769
1770.336155
270.783257
175.082865
1374.765880
1922.016185
1089.946660
4.969200
2109.590877
1390.525165
1796.754533
263.538970
1728.747432
1716.396354
211.329702
70.977109
1893.816998
1574.809485
323.467673
443.095673
1275.770567
2016.747061
304.355038
821.576000
1493.836374
756.198700
1511.072680
683.589196
737.249555
2580.741957
1317.442228
399.089541
2938.953232
2627.258916
969.400954
650.823757
275.246399
1730.325013
457.118929
119.417259
1640.945744
1645.926150
357.205083
169.765308
1084.806925
262.484579
370.998018
134.528577
1280.745905
1459.083317
121.069190
96.068568
114.541925
1592.805412
323.288382
405.546732
1868.820487
2274.271949
45.865540
891.324001
2092.807550
1829.650466
642.620040
137.598662
1570.268758
880.371675
396.253307
225.103821
243.998689
202.127004
147.894954
40.772662
1896.909900
1910.406679
214.484902
160.201803
2732.518994
2068.598961
1419.776887
301.767613
3311.478141
1967.931433
90.099183
175.735285
3032.357297
2333.833349
1120.597700
24.560957
2700.148387
1476.286005
378.471833
75.452257
2431.541286
1240.228550
248.654282
71.619844
2389.914123
2106.967471
1926.150556
6.873696
1890.876008
519.193279
1424.757983
206.068777
289.516531
2708.973944
430.440666
156.118223
229.576873
2137.590421
215.749158
646.382300
1821.219725
2233.133784
63.177436
1566.318037
1234.002403
2745.577610
687.981223
520.898409
2939.545795
3661.211541
2977.935734
978.576085
1566.782421
1197.677320
435.433490
632.254429
2267.650992
345.818257
1635.874198
2752.614234
3218.679881
966.142594
420.331088
182.994138
1111.527699
2050.974080
51.022887
1811.256568
3669.121795
2504.170853
2252.448592
1915.633686
1029.551691
525.788668
1199.753454
1947.189417
3121.991315
66.214619
2133.427621
1911.710536
2958.166170
3319.881278
2049.059083
1070.702923
834.262443
2816.563305
2859.373465
1788.046264
1055.608746
2831.981062
1276.638997
0.000000
910.144315
2015.865988
823.629006
104.966822
871.969758
2034.664868
1411.988802
237.780085
787.681750
30.698417
420.844956
1074.864268
3605.593928
644.893711
534.978655
240.707770
469.679089
2883.937027
706.720923
322.676690
45.381996
2505.831423
2684.664029
13.565144
1000.403639
2927.213307
171.548181
431.275450
2356.651682
3427.857899
272.222463
1778.871427
3706.786148
2477.129330
293.836873
407.932887
984.853365
527.055704
370.712201
576.512568
1036.594413
2538.719151
184.330004
1257.544687
1579.861757
78.829771
276.073388
72.911715
1652.564852
2881.298595
2600.232400
1185.770981
3701.338007
3969.072592
2731.375063
2144.687732
3781.098197
3378.115406
3048.024456
2241.014682
3299.166717
3731.220497
2349.416159
540.522188
2880.382691
3247.721362
1733.059386
1802.083296
2043.380412
951.307672
3259.816160
2934.984939
3846.938742
3406.201313
2627.971098
2919.928790
749.685646
1995.408423
2189.604018
488.913699
2795.399110
3436.021245
1691.600345
130.315360
3487.803378
3155.595200
161.212642
708.474372
597.716682
2937.335675
1419.384360
148.756452
235.938519
77.935872
156.617239
1072.399488
3656.184232
1975.004417
1263.378699
2440.796441
3711.236365
2687.503725
2758.186982
674.235309
2473.890349
3066.337764
1941.970636
1464.661919
907.809759
3488.879762
1358.736558
427.892014
24.776870
2004.465765
595.810329
56.297456
2232.454945
15.446675
2372.191248
241.072414
2942.015440
2523.758414
150.003584
168.776047
1182.931921
1058.146498
1880.018715
472.163234
53.961798
2235.747663
277.853144
597.158373
1148.178053
287.657650
752.552721
596.700205
754.223406
1546.880298
547.779723
216.449722
245.351620
2757.525251
2796.292284
2050.891950
4594.374025
3474.044286
1619.917248
0.000000
263.486266
642.242323
526.505099
19.215453
2530.261950
3257.164062
2112.576158
805.439382
2657.472746
1846.749584
1064.799147
1746.502601
1315.586750
3687.897111
0.000000
759.995405
2859.913785
2388.765219
69.014534
123.458260
283.686662
2470.408099
124.088865
95.120870
3610.845165
1789.485860
136.193820
904.842295
1715.865748
306.501998
362.906942
186.790790
1907.002881
2448.541156
320.664962
88.457374
2638.952881
1537.992790
353.295274
232.574714
374.781257
340.610772
338.430133
103.038161
1674.074139
648.293683
311.009629
117.636636
1462.727908
1132.075764
60.850762
51.341124
1145.096369
786.638411
268.891154
224.229013
356.403968
1889.998687
80.717950
90.145456
3839.956843
2927.170513
162.681231
608.818624
2303.830098
2402.969049
150.938207
915.951830
782.511640
1256.040286
77.723882
168.459921
1187.946949
1344.257414
103.823703
37.145967
845.159631
943.992968
1303.007821
318.715485
274.063612
2169.632660
203.031709
235.297489
1704.492301
274.248485
170.234011
153.214471
573.985289
1725.387748
609.136423
1436.358415
899.255671
1685.953773
427.623859
107.407466
2555.793398
2770.868195
68.581584
207.736539
2486.315337
1275.421038
198.894350
184.171317
1569.633528
78.860398
2857.017362
2799.650657
4645.289883
2434.897654
203.394332
915.072602
705.262819
2932.092025
369.000889
1912.554704
1903.017609
1029.735152
709.613544
1024.802956
3808.612509
924.527485
1453.311478
1659.355578
4207.509912
3372.476550
126.704562
2665.846741
4343.232003
3218.785620
2056.076392
766.053287
3283.856952
1652.663002
516.023095
2016.847616
3717.393638
3959.182340
587.605354
236.127322
2764.997345
2443.003561
336.899474
1568.772738
4773.216677
3300.046722
2364.986818
1283.234776
2181.632936
1419.464088
1726.522495
252.566746
2086.854737
2770.902088
1293.720936
138.007162
840.215302
2987.130343
2092.165784
1761.457189
302.877209
3584.886878
2610.307809
2326.819640
1771.940021
4204.267364
2825.399758
2453.381657
3351.427415
4312.274462
2684.327895
2431.105731
3430.067139
3704.264928
2633.298796
3172.828579
4053.321496
3216.246420
2855.664655
1891.996159
4782.206952
3559.894752
2508.132181
257.607947
4063.477557
3150.952799
2723.917881
2412.321027
4196.811268
3105.169680
2735.928760
771.019960
1595.485120
2865.245591
295.114878
89.639319
2853.270845
636.651800
566.277868
111.090301
1449.222467
83.400956
239.741028
149.313340
356.472234
676.873277
254.603001
120.459453
120.386360
828.676085
83.678368
67.892881
2536.949236
339.165274
301.572726
87.762507
2215.991025
3751.999379
2819.408432
2266.358568
4156.257681
3439.895124
2452.557235
1564.196195
3712.071118
2693.445178
1930.786943
393.343283
880.490941
1495.060931
2333.559694
1760.201925
2690.632450
704.482663
2125.439153
3176.332459
622.401306
3198.893366
2848.647717
2199.012047
3297.997683
3638.070235
3349.872771
2752.849730
4098.894928
3067.036386
2101.766317
725.930692
1925.703131
717.681345
1854.647746
155.112231
3576.509852
33.462806
2294.073840
536.964771
67.871627
214.112794
38.557418
47.038794
2724.292754
2161.012098
478.887903
88.500983
3232.558995
41.454060
35.030450
156.955838
2309.263207
292.642792
194.361972
80.727120
2078.556754
837.863201
1029.827072
1487.041582
749.493334
3079.840673
843.688838
710.436136
5.456879
788.476731
317.412384
583.146071
1776.909499
4674.058580
3070.108448
1186.541908
657.514297
3551.195479
2594.005188
3465.584872
3323.189516
4626.101098
2927.572867
2297.392754
4933.136499
3915.685971
1897.849915
1915.779205
2906.491738
2961.751825
2325.558278
649.205433
2762.968356
1215.662997
701.532191
1593.253869
772.771976
1592.661324
2170.964673
254.497543
3094.756719
3281.314445
209.927749
68.408122
2464.583560
3574.089586
170.308643
1277.780159
3625.447200
2672.923006
2274.205936
1364.972725
624.413235
2587.634468
317.694203
291.767908
2627.782050
3198.444839
854.098245
579.720831
1487.894740
2886.158912
814.854013
1716.517468
3364.563699
1163.071028
987.125178
1752.917480
3737.819481
4294.846259
2892.718883
2094.126049
3926.576507
95.524364
3638.334545
520.780910
3440.851837
242.141412
1880.105675
829.990694
610.406641
520.172648
184.618058
267.369752
1968.941732
4056.420226
3590.165636
1855.288330
1633.061351
3428.236960
2263.882833
1623.346947
1972.384913
927.583481
1568.322080
1445.814063
3903.288363
1571.843306
802.456298
38.714109
3532.913020
965.089283
1652.049319
2275.571539
1177.919329
1372.680585
2548.048338
2383.194011
2850.540093
2748.140799
1047.585205
175.679029
724.199416
458.094915
99.692242
306.872689
1227.752202
2357.983720
151.398218
811.745861
1650.336467
3195.992669
1928.286304
3063.395288
3409.684453
4147.308210
2697.092583
2091.143168
3948.314534
1873.823722
412.720207
881.476745
1055.701509
3388.878622
2142.232753
2801.289682
4837.172011
3526.670727
1149.769978
243.571508
1409.742088
670.642731
848.253976
202.926164
1250.320396
3661.978396
116.639581
441.738368
3364.701100
3718.159853
319.795956
70.019171
4065.951148
4243.822422
2067.237318
146.399680
3484.517634
2487.194617
2738.481124
347.890829
3013.776661
3540.028016
2369.473319
438.079300
3016.567998
964.998106
1023.341697
371.828477
1084.724099
192.005475
1835.189126
990.419545
2236.863796
3501.161162
3140.889387
321.892459
3230.029683
3673.738637
2848.552415
1986.279162
111.345739
2821.835476
1693.636016
169.893252
2661.200175
422.398709
1294.612296
1637.899502
2888.468883
2602.215474
1577.971370
1591.987820
276.834464
136.556448
954.281782
855.364081
809.747299
3284.232112
2038.237854
119.405139
1175.530196
1431.298214
224.482046
59.797218
2719.053419
4318.384662
1978.699735
877.891068
1219.973400
2074.430845
719.420729
340.192911
2699.035059
2155.529934
196.562231
116.062211
643.638340
1221.823940
568.404955
301.841916
660.389138
581.656964
234.466029
245.391155
1425.060547
178.977092
384.874641
312.868750
1947.459723
2392.756285
2698.774056
606.343976
4571.404314
3313.294529
2183.242357
1953.989355
3423.226804
2406.516259
950.223052
600.234224
3312.631465
1752.647286
1268.665488
748.781224
3060.423566
1171.419853
351.111088
265.749780
1076.140055
640.165724
281.510404
1763.070159
3101.933991
1674.347440
169.623072
1612.324919
3473.307532
2394.174631
2535.575081
2596.763597
209.442274
2852.593078
1631.532113
297.877384
3313.606509
3746.448148
1551.353508
416.311447
11.683793
2901.689563
3324.915135
2740.283408
2490.727811
3885.448480
2643.839198
1164.922012
1446.597009
3861.992954
3452.237423
572.354702
3525.214982
3715.395144
2091.524859
2418.402381
138.732603
3499.697841
1902.607064
101.284899
3001.917533
2978.550293
2085.199511
400.452985
2923.319743
2689.113452
161.458764
181.839819
3304.589282
824.593140
1799.884366
274.728732
3990.913315
669.728838
559.394361
1941.334344
4724.038663
3549.212492
1643.036117
592.572553
2637.362999
3181.929966
2172.123930
814.562891
1271.919695
256.405380
851.774439
1496.543963
4260.514105
1378.480509
1062.848734
1920.899832
4205.220262
4300.852229
2859.289543
194.377674
3380.296703
2012.295294
451.785483
1348.569888
1183.973984
2316.499875
1543.642905
86.125988
2804.087021
3064.954257
125.268260
174.231764
2177.428420
990.611722
1389.813369
393.420798
3732.026036
1265.816901
152.440461
336.491350
666.764588
3329.940007
481.085488
639.008060
2463.385003
2914.201706
1235.197700
305.689563
1179.726634
1252.933320
706.074279
740.809238
3661.684878
495.647464
803.266263
167.754151
1792.519347
2332.206662
2575.854926
1235.366451
772.213969
2518.219219
99.699668
1693.477029
801.123429
2453.124227
2768.296181
1415.960370
3328.520787
3774.567001
1982.098851
1471.810244
2886.439547
2929.710801
905.074679
293.733312
469.430729
1661.341608
2703.725980
612.775506
380.160397
1776.115092
2312.960806
2079.441093
79.758400
1943.001705
256.902359
452.256120
582.318619
900.213207
1913.416213
2139.827575
2539.476249
4219.645903
2437.768894
380.673706
3335.547176
731.008454
2131.439074
525.077063
2280.574123
2023.926023
732.796712
184.829056
3268.904226
3647.742181
1724.904609
1057.675628
4211.996964
4236.993119
2659.056116
2296.355326
4259.831582
3749.106310
2978.760077
2956.396098
2651.658446
3391.596954
920.954893
1036.219827
301.114584
353.396875
1358.062096
975.468857
2675.866258
3815.144330
2036.955250
637.276609
2204.242869
3816.605984
166.042620
232.595446
1373.446821
3301.878670
919.042443
424.404154
1647.230956
4607.348325
424.040965
2241.195703
4765.091643
4094.303477
965.759901
411.330824
1851.578492
3590.889757
728.376896
329.304662
2220.141227
2395.787086
472.028709
49.334130
2414.151646
2138.477565
295.386822
328.540587
813.608554
907.227363
173.913254
34.504511
2230.572547
432.133053
217.290717
57.671247
1313.782991
189.527899
121.585407
745.432662
611.038541
118.877430
125.110061
17.711216
1925.078850
108.536258
91.357490
220.210616
1342.693328
314.885324
241.630609
592.105993
1092.560437
2152.522678
2069.451825
607.480097
4922.744498
4019.097536
2502.513724
2528.382291
826.497889
2187.115433
2625.587996
2108.455077
2206.791849
313.286298
968.261178
127.617045
982.073087
2934.613640
926.281575
1232.119449
3731.835949
2120.311949
1864.929257
255.584153
3057.962253
1092.507662
481.095504
435.476431
840.495514
279.554205
1930.324209
210.594044
2522.280909
3085.807520
1828.912301
225.971528
3174.613165
257.753406
324.782290
262.484516
2610.297333
476.701403
705.623532
116.914807
1129.416861
3400.513208
132.181453
540.217412
2832.428775
3123.574824
1754.934333
77.663431
341.950785
3395.092784
498.353818
116.354577
424.266303
412.530378
374.176002
1173.780915
1181.454916
3503.545424
592.887783
137.575011
1431.928863
2785.663695
81.983527
121.252753
2926.877190
4182.927109
2047.254788
435.668618
1951.013363
2748.982116
475.052263
11.563360
1284.466863
877.012879
1748.912135
102.745295
2928.237983
1311.842883
188.961919
172.199034
802.202965
2445.792996
310.007891
1082.441774
2401.268620
166.448007
88.361490
73.893099
1928.948182
3107.935943
211.319559
770.499092
1271.107713
3336.454587
100.814459
120.292134
3251.309178
2992.132219
3348.357403
74.723989
2487.382533
665.496143
2526.672198
424.802062
3374.701167
3049.240088
26.736060
2304.905763
329.903081
1376.884437
1168.222420
36.634174
181.540935
1042.794046
132.097312
549.081519
2704.821571
3038.501611
520.955201
300.705131
2019.462607
935.413662
2007.240839
57.134809
3559.655612
1661.422931
117.987682
188.267624
752.668153
127.013873
2237.571669
269.075953
3711.470924
3039.747881
737.165511
1364.271678
3512.460304
2421.001683
91.864150
553.978962
2574.098887
3172.217672
2485.190006
160.627430
3429.376865
3139.949049
2663.293020
168.386594
3157.752855
1498.045143
113.134036
327.742793
134.269821
354.053749
367.035619
940.447970
393.007222
962.581332
1158.876942
881.183234
1680.113364
2900.850456
571.911774
554.209320
851.418596
369.328574
417.944819
360.085983
977.383683
2883.678701
773.770099
272.270050
2420.834408
2807.633042
3014.508119
689.578323
1020.850083
1225.850977
314.637649
223.508622
2846.093621
2988.879518
1051.838964
151.669307
1418.601635
52.212504
1777.180804
171.335414
4311.139640
3525.157513
1870.352824
2669.776638
209.837675
3761.295711
1843.282176
1534.680528
2812.396364
516.029119
2625.559542
938.493625
1110.001255
3222.146241
2392.023031
1799.821950
790.150386
2999.499598
3024.666867
359.801991
3117.970152
1670.272427
1394.712581
1270.772650
2655.494521
4768.880114
2811.813404
481.705538
3198.308625
3063.360889
72.530996
1840.802209
4328.193476
3855.971721
2643.426866
2336.085386
4914.183149
3476.706978
2578.444071
1538.698256
1947.239353
1062.453037
2202.414157
2388.435099
3629.411747
982.474695
468.561958
1385.778564
4014.214363
4329.351783
1889.679091
136.463701
3591.671020
3706.620067
3002.827567
2465.515211
4836.196791
3433.053165
616.564086
733.010129
2503.231753
776.770220
572.301938
532.510905
2104.363983
3163.227763
547.600467
494.758228
2776.988242
2733.985315
2448.126197
905.602217
2268.910869
1964.670204
731.519943
282.575088
4984.084445
3751.953843
461.263481
466.453447
1979.761593
2820.201437
1236.545771
1025.652077
2983.387376
345.144833
1884.318950
2345.023255
3658.332766
2594.626047
1037.931579
738.409240
4307.051190
510.571708
1930.683819
1840.707364
2343.103463
306.037560
104.361483
863.280127
3939.472957
1704.907485
415.341835
144.729779
48.112487
2488.749544
1117.104711
3.050317
536.386637
2252.756861
270.517483
983.291341
1458.006332
902.638466
159.680861
1032.091062
596.407100
2610.610112
2200.951082
1262.578949
3072.436938
3074.993770
67.493474
941.590678
2181.957619
3972.802784
63.565154
500.286306
2096.001349
3751.837723
2320.051901
2450.627799
5.411628
2712.010147
803.413854
54.205465
1387.428943
1058.478445
330.458791
139.168575
347.520953
2194.679674
265.121202
757.769135
503.411996
2384.460849
521.705466
189.529213
731.866062
262.768777
501.997547
181.159073
490.505602
115.106904
555.438561
56.665291
1490.675340
2785.946460
97.536076
155.839675
759.114520
1340.493818
920.968633
1162.381503
424.192280
195.711307
392.211737
131.158683
2058.841821
792.881536
209.999906
486.342550
1510.792999
1028.995186
519.475158
222.357082
2648.993649
614.016951
378.580942
385.486869
892.093782
445.189381
143.983376
124.284236
3191.548395
2622.206719
823.828356
1605.196788
3262.316439
2284.930057
449.407417
382.049363
936.542283
1887.051999
237.850204
579.780351
970.556623
837.358206
144.692738
516.509999
2657.534931
439.486704
488.023493
158.419548
1391.085429
483.858958
343.076385
350.310991
1274.100164
216.195054
147.828039
311.581213
1935.597907
316.446462
105.036941
82.851063
2065.081529
3053.906827
857.025181
1101.454921
4240.873751
3250.675932
159.672472
1800.118589
244.067180
2947.826215
3134.228646
2581.945287
5163.406598
3209.682643
630.488945
94.226254
2361.355517
4075.873761
183.319152
205.408609
1665.641264
29.480635
110.462558
175.010771
2171.131282
404.319674
102.634721
83.017831
1940.430728
2061.132578
207.125762
79.105984
3345.217224
2391.908566
404.620079
470.034242
1712.829432
197.032510
38.393189
122.792747
2575.411139
846.623888
617.793334
299.225452
3335.451210
704.389812
408.017621
226.400157
787.575450
1131.551940
429.348669
155.174849
2471.253561
681.717105
806.541308
18.363937
2623.670174
123.403714
29.980665
262.533793
454.899914
182.610484
249.182783
122.587142
1692.924477
566.422990
219.139033
178.664032
627.443916
522.043508
406.400760
43.727603
510.384285
687.427618
70.966639
167.653987
397.388097
433.641760
103.412813
24.477989
921.364592
38.029381
266.001383
62.224355
1289.969795
0.000000
36.076333
73.421539
898.609114
59.103687
273.520208
260.042816
1429.724454
744.669849
55.375286
76.943115
14.087733
52.860012
255.575369
779.488191
215.972320
897.662533
271.936231
94.400673
397.059348
1833.161385
68.067194
198.606294
284.217004
1997.874225
77.640752
68.875678
1429.552923
127.313735
118.375606
34.609040
963.263510
1166.266111
313.773037
116.160174
1193.065320
249.260249
137.127240
145.487797
1020.942141
83.691120
45.957284
91.011552
1964.005440
75.230398
571.620555
114.591338
645.020255
374.987466
126.259179
58.079830
715.094759
341.071972
294.686566
15.047687
335.594092
113.170261
162.752128
838.005718
752.865415
426.983659
34.943130
122.628623
690.863950
165.749431
99.458436
152.232977
395.188409
326.612412
112.024880
65.290042
117.767291
126.254221
67.248806
58.073491
125.001601
206.465052
109.672869
91.918569
213.402896
113.663778
90.746623
68.877352
655.292517
170.014458
239.734989
116.782611
265.349502
87.053559
95.324826
84.894255
154.024201
364.125153
65.121870
50.099415
498.242544
258.759066
114.100655
17.512917
110.314012
1068.844337
90.013925
55.990693
149.681188
232.400076
246.008855
40.632699
152.936550
13.520084
193.205110
9.923342
211.193567
480.580267
57.010629
50.430042
101.703862
46.785019
223.762239
100.920120
184.064981
120.207893
128.583777
25.804898
173.875738
89.427569
99.418148
255.225521
112.296419
9.673914
641.498916
107.189724
113.122768
119.870206
231.395812
62.029090
132.242366
58.475830
151.680383
132.488038
82.110355
110.188897
37.386100
82.464005
113.411755
304.640098
8.721366
148.218420
364.297443
671.564392
99.202495
22.744010
194.550407
54.889071
56.079588
189.653855
143.714548
496.272722
190.484739
43.180012
294.855335
46.250714
142.587751
371.716941
82.649989
46.755670
76.576800
186.776555
47.241037
85.371286
219.685364
135.314782
373.188437
57.516657
205.048444
86.403828
139.734663
59.953425
303.586288
149.932898
57.552470
253.461136
50.261315
25.967057
367.650448
120.560810
38.671898
168.359545
205.814243
115.488699
114.684599
43.852853
18.707409
216.089838
94.722125
41.437776
10.843644
44.319816
70.595921
29.078177
123.407949
53.929592
55.062566
190.079984
158.354396
217.850620
37.403246
168.223978
314.941310
18.187993
85.455873
219.380577
175.797128
233.221938
22.720870
265.427882
340.329401
142.542566
245.160012
31.061392
188.010327
161.314452
9.551613
186.812151
95.300347
-6.260086
89.967160
45.448869
128.868898
102.681273
207.986305
61.725756
182.984073
40.133587
54.950817
146.099337
121.662952
321.103710
229.589455
154.984374
663.785432
311.509687
35.624583
28.274116
91.062436
264.214380
79.332735
215.349683
463.453257
78.102661
276.446431
58.884736
158.747500
93.743959
146.528672
82.861284
315.348023
395.599124
162.204453
45.020336
464.083743
174.865106
93.620009
206.347570
161.765894
268.642095
333.702100
109.174780
209.029072
91.073583
72.566499
46.734110
143.968252
83.951757
34.385761
42.825354
226.080733
338.945790
38.579845
366.372367
116.396859
86.571055
38.674128
49.907806
97.360810
151.504101
74.339251
36.962608
129.573945
50.900193
220.004608
24.396875
727.853069
148.921201
36.133156
52.020237
160.206990
95.743572
23.341790
187.547531
708.619848
157.872476
186.206278
92.935828
209.498801
96.851308
171.395024
86.285384
178.084527
148.055443
302.932844
95.001385
482.953715
86.971233
230.781788
60.900096
248.297992
75.434337
22.820244
133.733227
845.802185
152.739327
84.219503
88.079291
202.757749
49.715250
326.276491
154.374511
444.024476
177.857176
213.605524
256.711997
53.932755
154.571874
46.497543
60.902597
622.886202
141.144776
73.518062
206.128677
306.750791
311.643292
237.618327
94.038603
484.540051
90.377006
124.923601
291.817121
214.656375
288.961805
133.976880
105.000196
642.478757
558.269775
178.757101
24.569463
43.891449
211.914515
114.610711
171.408139
295.416263
77.314149
81.098867
105.440197
248.389002
220.155660
55.632189
231.423324
1513.730343
61.786953
46.935902
221.884712
361.150843
44.939521
57.516835
132.396327
1595.714816
274.397512
155.089486
212.977752
566.384641
317.781171
92.215334
124.331800
421.507181
25.739534
195.149218
63.619173
2200.572698
156.719129
118.761916
88.662081
570.700853
344.249594
96.539961
72.040005
635.871057
130.674045
115.224084
79.186537
278.028487
304.613701
203.643089
189.332698
509.636254
178.839810
18.646556
92.315404
883.748895
137.580935
170.116372
66.388523
434.207674
204.458967
104.167748
66.681460
2445.257904
246.570275
254.565203
45.553640
305.658009
28.108978
73.900194
41.482518
670.458738
257.705279
170.161344
75.333036
1082.148478
9.757287
141.675393
48.172590
1876.087108
351.148003
227.319866
95.122264
1629.283068
116.163103
162.160295
313.098670
1680.429331
397.616907
100.817943
316.876341
535.313496
179.546801
366.962942
360.816715
882.419275
209.166134
56.689913
423.363167
381.885006
327.088760
503.250034
366.017570
105.504675
81.222633
136.022611
235.365578
521.412228
352.509139
248.435060
54.695516
9.818246
110.755731
38.387406
116.624041
244.274757
126.655155
88.767518
63.464096
621.530086
141.904406
102.115664
524.516946
777.552538
114.734590
218.294755
16.653436
358.908992
132.326109
424.105206
249.828768
390.924212
160.758136
144.210094
134.928820
594.131051
46.389921
115.819826
158.763466
188.196192
151.200789
105.241677
247.550769
770.904538
562.043571
49.021427
243.507062
665.021293
66.595939
104.187166
204.182801
580.721007
22.952484
125.829979
29.919359
344.221347
159.264894
806.295903
115.654255
321.262519
56.397315
218.579487
427.695161
554.431663
175.397496
97.592766
354.785285
1034.848583
500.714676
511.408080
211.781365
309.519724
286.291464
31.651828
45.137033
555.715441
75.958828
459.536100
321.830645
315.403110
756.540649
456.360048
94.501277
432.326995
150.199332
509.764202
89.263911
483.570223
97.134435
189.479404
259.679091
327.980673
398.051329
95.857146
440.975937
326.276102
187.726374
114.857554
67.220652
99.545066
108.362925
97.953279
299.409507
606.017543
325.201730
219.133366
116.936749
104.849754
29.970123
200.674210
251.561903
918.006730
761.355610
298.883386
392.664227
14.051999
655.134313
186.927476
281.085333
277.156053
565.791130
60.726212
303.011245
1472.217811
377.823935
93.165192
187.040534
1708.317482
513.525086
187.076004
484.035672
273.416457
1148.987536
330.082481
149.861028
335.147972
527.219414
678.581307
166.637633
1113.786003
317.620136
293.843546
52.162916
3289.769102
400.062428
193.325622
226.814113
1642.006051
183.894770
591.815328
133.440254
274.390494
124.171119
79.394271
66.642473
934.190843
193.504697
73.980868
149.586640
1027.280398
160.243323
300.242141
283.321495
342.816878
43.847362
118.991075
128.322257
2893.527163
497.036926
261.198827
583.163718
1308.501036
470.185396
97.702191
304.552906
1111.740505
77.253788
185.706252
187.644025
13.197248
1730.586657
143.634213
261.015406
3056.959307
687.499276
585.440487
82.231246
3283.375267
862.615550
154.534128
297.877633
883.800276
2741.151577
2593.067216
160.150436
58.384360
261.469076
709.831644
1738.627791
44.725728
3055.491564
156.348135
1676.820569
266.593747
2225.702316
662.008824
518.663741
1621.866516
2315.485613
2775.687214
837.484219
1863.959320
2839.776051
932.846643
32.667323
694.811128
3260.362327
320.770678
33.862702
2361.445504
75.081874
27.196049
767.497553
337.501533
1939.618729
1045.135843
206.622696
19.368277
1913.934424
2559.412823
1540.779567
3900.722757
1878.162579
1458.355095
1795.961874
926.024577
395.425702
371.271321
940.310029
3949.642082
3365.519709
449.635017
1452.089727
4552.173509
3389.212797
738.435346
915.547426
3428.408981
2784.206045
2002.307544
1141.068091
2504.627454
2812.908390
1043.586894
367.105869
996.577285
3391.588476
115.493134
508.259672
2079.802397
349.171371
1490.377761
118.279010
389.418701
153.871496
433.402548
86.562713
2175.775992
759.067697
63.181315
82.629330
1775.723451
900.209092
114.504156
60.423625
2353.125561
269.950653
1310.919800
460.720308
3148.081254
2775.339744
2395.656984
358.303537
2780.303576
191.801238
154.701826
422.532201
1640.841373
648.049493
160.228359
588.941705
1984.792177
3809.669633
735.421203
705.645698
1491.531202
3408.940304
56.219355
185.811409
2780.422801
3272.014739
2236.015513
170.697316
3270.907560
3292.963540
735.570749
235.301554
2039.618171
1594.376112
1082.276672
284.656515
3434.982030
2793.217473
2285.245101
2363.117722
3357.145137
3972.029561
850.176595
511.267548
803.270089
832.542191
154.554079
343.549799
1025.693949
150.230190
121.001800
276.593080
1853.546169
1501.025336
683.014295
69.505385
2281.892225
370.572965
657.507633
759.933402
817.737955
2562.232188
234.616425
122.143813
2892.886705
2857.935788
302.541593
363.291370
2253.493551
2373.910937
145.782543
910.878089
1771.952455
4594.378275
1968.135531
957.333540
1264.116194
175.981187
677.978716
659.527762
4021.311226
3989.168553
226.513629
231.949055
2075.035216
764.039225
2158.586961
798.072961
1907.492983
1984.485288
98.892114
151.813986
3914.917670
4894.573178
3013.141873
188.230111
3520.452280
2903.061223
64.331874
1801.124953
431.810909
3718.136045
2188.024588
372.585279
3329.274952
3341.815809
295.168917
1683.927870
175.786235
3829.021903
1114.986251
293.257378
1058.967388
3235.689996
1325.428633
1252.071020
1238.606559
1794.160699
1323.356441
298.822748
1458.031284
3026.358466
1657.978149
895.179482
768.577517
2588.115857
1876.228747
428.444412
185.201001
201.461208
467.721978
1778.890277
2813.047907
172.134851
237.521536
299.195824
1049.717040
166.050500
500.635448
56.843116
1281.101812
843.280159
999.372485
76.196642
905.793796
3890.727360
166.676482
104.731938
144.166390
101.847378
1401.437581
78.925211
361.240949
1268.608600
133.496915
153.926784
136.927463
2364.672745
369.008467
240.834387
423.937549
142.114057
644.077284
231.479680
925.858458
1511.653438
1401.057609
591.837403
2651.439729
2749.080317
111.013694
653.826793
1843.270049
3450.441130
2124.031540
2193.096868
4674.986596
4623.474680
2735.916577
859.287594
2678.107921
2879.897325
2421.250445
2639.385114
4051.865454
3934.337453
1191.768110
840.921176
101.879811
1405.439670
636.327735
127.292520
3810.218964
2202.892847
202.977301
87.373447
3208.827658
179.393498
2915.281172
470.408484
3224.801643
2167.442799
2281.060929
1666.366244
4566.001315
3173.069743
2536.030018
2118.880496
731.366629
2960.051839
1376.977293
196.280511
4448.934817
2062.530344
453.866884
367.651300
3452.939706
4079.122991
355.023487
242.147905
2838.986282
2430.780047
281.896728
145.159300
2772.259809
512.944528
173.487522
295.969472
2467.699425
310.506468
317.305115
2049.941075
4751.494484
148.517127
636.816095
911.122249
232.245136
3041.362660
3469.911011
1656.832642
743.569992
3778.266164
3207.324951
200.808816
2721.158271
336.279872
68.231291
1772.555495
3854.959589
3574.791103
2920.433771
2539.579497
2190.604152
1019.211390
158.140612
967.776911
1270.177321
4070.163031
2363.753844
2436.684150
1895.142531
1564.567218
232.463900
2081.220233
4217.718763
3726.754828
3165.616256
2162.148811
3556.065280
984.242380
1755.798655
149.001200
1823.051066
3091.254248
213.449417
108.910618
345.420443
131.790970
287.413695
394.392992
78.296373
202.281023
494.680728
329.569108
24.904680
89.841763
610.515476
270.793196
98.457714
1304.595795
102.770424
513.053883
143.359620
172.141292
149.526189
127.136167
478.487444
594.682318
38.508004
164.476811
737.750839
1320.455599
295.173221
336.042621
742.255440
111.430056
485.385505
777.976089
33.975314
276.822564
623.543671
1189.203245
2015.782431
1948.592297
2022.841460
354.450184
1531.050869
217.305200
173.127503
110.310311
168.549625
843.533604
625.027327
131.915311
374.991136
193.813162
2308.589880
178.331425
453.132977
3093.540026
494.850746
121.281118
1744.164635
475.149603
134.324109
127.803666
1029.920819
1341.127685
2105.845989
1432.699467
1301.430921
164.722164
918.676147
224.844925
1195.983249
328.130966
486.508836
123.632343
1885.607716
985.465867
186.898632
141.014197
1294.311754
2790.093540
250.443291
1010.819780
1128.867164
2970.106689
2602.060551
51.436453
150.968021
2975.755796
850.198339
826.470883
1458.137294
480.943031
610.827608
619.058542
827.923039
3149.855190
3167.390337
1270.257306
794.451835
1327.055368
1184.598085
593.524104
1922.647130
2857.796678
2501.342041
449.669006
3375.884672
1249.890336
1165.645458
547.852796
355.623336
1947.861382
2945.799110
233.321014
3509.064731
2638.698635
3223.657814
871.425533
1858.636733
3513.328872
181.561960
402.575180
1640.044783
4430.881995
464.739600
1394.259844
2174.982670
1468.272452
3923.600198
3076.964849
3751.192968
1078.236433
1551.536078
1605.941528
3591.427878
2500.301026
21.750620
780.339460
1078.273904
2291.834083
1120.702294
345.832609
4900.459031
3445.493845
2551.220734
923.572350
1354.685343
360.395145
2249.904959
317.412303
3407.327790
3462.502205
407.975896
721.609169
822.357231
2721.587563
2233.964783
399.860897
3403.447391
463.749336
479.307046
160.219597
1148.461644
1862.178411
1057.879329
23.668438
3656.359538
2957.723188
211.128247
44.350434
2634.327514
1921.542280
281.331306
63.571565
361.449425
384.061814
324.377212
937.741961
808.874503
86.628270
156.044385
217.495588
2145.268386
358.415757
481.063566
255.109165
1573.221902
1209.494462
197.210833
340.284863
758.450844
2821.253716
421.728650
140.862854
3335.192881
3544.875052
1027.828071
44.480884
1886.564499
3817.198750
2643.994873
1811.510446
4852.757959
1488.447507
137.872637
714.715717
2834.054347
703.044711
754.996445
379.141976
314.197436
1200.014527
376.788671
149.618949
2360.426189
154.686710
569.552922
523.050300
3983.226605
2511.037092
2008.596080
2568.234218
4814.922933
2862.653014
3493.463911
1512.884175
957.892299
2973.394650
2747.703897
1187.060062
988.421039
4368.654900
317.153098
1224.508048
1823.321700
3008.592020
215.059416
107.197810
3598.159247
834.565031
121.108650
56.814259
2424.681278
550.826823
453.453393
203.107241
1408.881725
386.448346
261.191125
298.259808
2301.179831
3260.323730
486.852862
234.569306
3370.719847
2792.393995
430.853965
153.109698
2753.549534
4165.407036
351.379355
260.233188
2274.693836
1549.444169
682.579368
382.977166
2327.602993
1839.700034
2283.933072
223.932389
3119.629519
2930.766801
2109.608434
2007.746650
4756.271045
3013.302813
1233.858963
207.692327
142.791350
3003.468567
380.376616
463.864969
1115.016853
257.954781
1576.894266
687.822124
2053.801228
1237.593981
2092.745656
379.894558
2443.764946
403.914948
1293.575804
295.429085
2894.968861
395.897488
920.757366
242.564035
4028.933167
2556.200424
786.693776
1275.866366
3354.539326
1073.438250
1596.229076
435.877766
3631.802765
446.661311
154.502239
140.277253
2474.012244
1862.261965
343.687713
163.624692
2960.014066
2121.459674
974.518012
450.763851
4916.672386
3888.288400
2610.816959
2493.029107
4706.192673
3407.651818
846.070446
1029.222065
4058.935111
4826.397058
900.746408
994.375238
5127.286620
3592.927963
2278.001828
504.375615
4528.642729
3428.438698
1443.049424
1006.104285
250.865099
3105.364161
2403.477237
1494.681042
285.963131
3779.869935
2199.407794
321.021065
3486.868882
2745.578153
340.409620
254.855508
3129.004234
713.072663
185.727552
30.979152
679.537315
308.026496
253.466899
68.455947
4307.912285
515.645257
146.639148
270.557566
2637.694605
753.233057
639.115819
51.341154
1562.039073
239.901776
173.557092
158.326343
1714.724162
215.253681
80.344514
232.466316
307.911360
1088.946476
196.489110
190.307444
1509.759179
352.496194
169.428688
368.813241
2633.084045
1408.169087
281.983359
154.764561
666.813878
952.128178
68.009916
83.799561
244.406841
822.609626
209.070162
381.532712
1453.025997
802.866595
136.599853
97.825687
303.042546
121.800854
120.894076
48.107503
1456.490581
215.397866
123.184695
190.401445
366.546673
48.865817
184.189382
224.709600
2634.131156
257.883457
193.629888
51.181370
667.082447
574.911136
205.574863
190.280632
1969.969434
42.219277
972.388249
396.845662
123.749572
920.766906
105.619935
382.275222
126.716835
463.487184
376.127200
15.825639
2314.099702
693.714325
246.393494
831.372008
2311.703016
1002.873232
458.928003
73.632203
322.963051
742.858651
540.420022
53.197421
762.931658
557.908911
111.939891
93.492089
2693.229584
2384.414172
277.201336
288.215094
3506.910387
230.809910
1897.855932
305.959384
4141.273740
2994.294490
2004.705980
466.978987
2180.752146
2802.327655
95.346679
616.367809
2386.568829
3075.823259
1133.177781
716.306401
4731.543010
2541.179338
353.817157
1889.437182
4613.574735
3230.367341
2021.807953
256.355247
4713.976851
3424.176364
1426.786685
1939.631157
3085.344406
4288.252330
1643.427265
1524.669996
4475.568372
4384.866878
1518.849437
1385.701920
3039.972573
3197.482553
1672.230084
427.826494
2686.788535
4847.144385
2197.975606
1375.868670
3052.714790
3067.739618
1072.530880
616.762997
1049.945526
1059.941245
1273.874057
2652.444434
3285.528569
668.107812
2107.772221
1195.123252
2476.082966
452.471028
1634.575981
130.963365
5189.840766
3019.508351
3242.680851
530.266422
1158.360315
994.402056
2465.202329
285.444182
2677.641188
2912.880268
294.273865
2778.534756
190.808749
2323.232853
869.026312
283.844137
1635.718049
736.242749
985.302520
755.523757
2826.615672
3988.380461
2736.994811
2330.555700
3841.333897
530.503370
2218.395489
1166.489107
921.334943
2267.246306
804.659076
93.220631
966.967038
886.863065
793.168227
838.042109
1761.304708
2869.443280
1889.879095
751.887999
2747.696479
2879.941677
2579.241216
132.534868
2101.126174
2713.419337
1068.396143
1492.101003
2332.316230
221.263539
54.477542
462.723639
314.280006
262.572619
127.362112
209.903571
896.258900
246.133588
594.751985
679.539562
381.102266
522.475152
128.763887
1722.361066
1627.349427
1303.037950
608.965984
421.122823
1383.522976
1327.132760
646.825755
1877.976376
1959.036704
1138.595453
349.441799
1318.659626
390.065097
3200.615317
3033.468310
1754.530115
3866.765138
3971.831982
1898.569494
531.913822
2946.632492
2978.221753
908.982430
428.195021
1609.398691
3183.093934
648.301845
193.263938
193.162845
857.610896
770.306425
655.342533
2452.604582
3235.702967
1020.435286
76.897170
2316.652385
212.234036
106.381387
152.695390
2521.364536
1538.344985
143.572532
144.143184
1115.212608
1079.857857
1024.951811
92.627374
3489.183908
2541.059028
1015.989903
85.837828
3400.511841
3008.513745
1769.363758
460.052940
3651.871157
910.344286
1200.909348
290.747165
3260.994616
3706.755316
721.594400
360.497904
1467.934977
570.926700
184.669622
184.828112
427.107122
361.969582
140.425929
54.780948
3362.726250
3442.949653
866.334310
868.829497
3398.027254
3658.609541
146.421793
354.948611
1924.176796
2446.110936
509.322405
158.340340
2073.340205
2696.975670
957.639874
222.544090
801.409530
1177.549381
423.237892
97.092898
1276.996264
869.942167
735.962695
124.933235
753.644132
167.968879
118.017258
741.787749
597.716667
102.294125
659.893276
759.245716
1855.261910
1241.981913
234.393259
1242.934918
1243.379291
226.854084
1912.217520
745.015202
481.028944
659.665648
758.389934
43.656851
1308.291281
1478.901392
247.815475
295.244690
1062.282369
289.165727
168.457779
87.459915
1109.894485
1041.952750
239.093715
153.931478
1023.493632
497.290020
498.249267
241.653669
1551.571053
793.482498
120.367966
343.709639
2529.443425
3783.153698
669.690105
1503.237547
1379.885175
3179.330043
117.885442
867.257286
1886.423741
2733.355533
749.570041
245.862528
1320.821781
3311.986092
206.404320
1607.861843
533.473765
3804.904932
1692.178858
197.978416
3769.472790
2758.396026
2971.787923
483.387091
2561.743511
1647.468357
489.219217
1371.660967
2706.800033
2413.304466
1272.975327
405.119095
643.430635
83.648201
545.842489
1022.431816
175.317063
1384.122734
157.118076
231.678000
357.311220
2224.995548
420.157643
78.766435
238.055366
361.071144
882.689903
690.323252
178.910834
626.472409
507.959181
246.150194
275.081562
462.614926
121.213366
46.783533
260.289295
56.620055
500.739617
33.628626
511.718111
337.191425
217.723555
118.113388
106.523337
318.483794
281.432221
95.213520
453.127316
1305.568239
332.582069
40.881511
628.184561
227.605568
66.429445
196.976392
309.195362
175.869674
90.572520
102.922104
370.478271
103.499729
80.194637
55.218610
638.235206
103.345183
664.116553
97.081884
7.300870
221.128345
153.120331
412.055776
302.353013
95.189830
196.215728
308.508375
167.543020
-4.788642
99.393781
95.136156
271.069293
88.859127
226.994884
85.372187
197.928443
1340.183579
125.502783
110.890980
603.319285
127.540996
413.641761
168.156677
415.431016
124.425453
292.483414
147.794254
110.940538
395.371689
239.777077
178.397985
354.324614
219.405771
96.184728
629.898957
546.617487
335.009129
127.201858
53.128962
452.636186
86.850606
224.110840
174.258178
459.096379
440.990548
394.225277
241.209274
341.345092
287.197721
250.436105
160.543357
119.521292
462.361387
237.078484
717.978980
258.377340
285.969367
57.073748
197.827050
500.904791
110.184481
96.166315
31.034753
671.680505
395.113146
63.094092
72.100292
1259.194893
3116.194792
0.000000
366.599587
2275.156800
270.592663
6.643928
47.131292
3460.788445
191.572621
1175.648040
324.000309
304.188281
126.568851
100.428924
90.881314
218.057875
364.753194
78.173708
314.160419
2212.112170
678.499055
71.608801
108.951895
1528.080666
373.193620
109.187000
214.305799
749.271539
247.418506
1085.042748
90.696424
2450.377229
125.940638
98.252138
122.700163
3487.498733
707.283545
93.614008
165.165263
1232.573271
769.278711
245.722334
112.678790
363.823385
753.579275
73.124874
53.531796
1203.242199
98.652997
31.426315
48.689104
557.366339
274.873829
178.285626
163.870103
2431.212947
264.617599
102.149338
77.072097
3703.057090
1724.138344
137.095280
113.577355
618.930843
62.088524
252.342427
96.005766
3519.587572
153.379418
75.070343
80.400067
2561.835152
139.130241
591.277358
23.897870
194.923691
525.722659
33.952724
71.343761
1013.609912
641.647808
255.783961
71.192116
1402.834088
136.297139
268.143790
105.710013
2299.987544
51.159615
203.010203
108.040662
2440.597194
632.492228
67.978806
147.591242
1830.317960
544.133714
189.880080
167.278648
1016.983975
73.829135
73.842775
249.973694
297.837378
112.159236
82.770865
153.989669
2154.674954
164.968528
217.497369
44.547004
3220.905496
421.671769
77.562715
149.369403
1770.024817
1050.010023
285.583448
187.984445
1386.345890
296.075392
223.023424
138.507987
2663.437126
203.375176
241.665390
175.541223
3767.140548
2620.209575
132.237518
292.922479
1941.386938
372.885340
45.556670
289.989553
3176.866044
160.862014
75.270316
224.075766
3356.194096
3224.115123
199.185808
110.039461
1158.038002
42.064775
260.164131
319.961752
1002.027030
745.043507
122.140616
86.216827
2400.941839
825.872542
172.117841
230.725535
1478.352815
146.352241
380.969944
89.350567
1429.266563
908.764322
452.829897
230.223142
635.705726
421.878055
345.325809
119.900190
227.993050
455.762068
223.257181
39.734121
466.361745
831.158551
755.325037
814.796093
359.646657
220.425524
61.478872
537.852095
48.105729
161.299349
123.866613
166.764216
2463.185690
458.077724
330.075790
99.419215
1656.571576
1192.595701
700.124171
150.010203
832.856522
260.493218
329.600130
70.036680
2263.931197
2540.374257
299.561238
62.931887
3820.064233
68.870150
337.619693
315.408119
2213.471860
2393.600588
201.314156
274.304397
3285.431032
460.157558
217.866446
120.283143
1985.386759
3060.282629
2889.545214
673.118799
729.394775
591.621334
548.299177
156.850948
8.611456
678.290686
38.252100
290.505123
3238.710018
227.998633
64.412576
96.925918
3041.911898
964.864289
956.795447
32.662905
1756.917260
522.010570
1765.389716
291.789206
368.039477
3173.854598
1236.980339
424.005702
80.420679
2916.764552
944.179942
1211.952901
1505.444416
3622.586693
2332.455867
200.252955
4292.460822
2026.227679
22.618856
270.978460
3207.886537
3266.062003
171.959911
952.877901
1180.645544
1372.597162
1511.303154
171.070552
3456.860314
1863.844036
710.276897
253.056527
3091.392659
1401.837901
457.397256
58.935886
3620.135653
3673.880021
658.934494
980.238322
621.437346
104.370719
853.996414
159.994860
2099.792053
2747.373426
1793.923726
241.374621
1420.845341
400.624633
226.311524
1083.247475
679.273129
2808.019768
284.949195
374.168891
2632.034341
304.213425
120.645151
278.498696
1134.235826
2462.202283
272.014022
58.744577
952.146083
729.417725
609.499130
149.531120
2430.384432
4337.214178
914.726307
371.261230
1860.256183
3092.369139
150.609881
39.762476
3658.238179
2824.302660
103.439640
307.891439
2729.002373
420.265823
100.034614
549.312019
7.007129
299.496424
74.100084
161.636940
1944.071740
3703.063766
266.206745
181.510799
2478.248186
1226.376342
103.642334
186.448809
749.757186
191.640481
524.484773
143.584000
902.836609
702.113117
151.111696
37.486112
1333.424122
414.894210
355.310543
56.809142
612.395550
300.711741
54.150847
140.896500
365.142470
220.967215
116.138452
278.338195
355.075604
300.375684
296.993072
256.612860
57.557472
342.916463
243.607533
90.138181
1267.897486
325.662944
203.622433
99.555989
203.067719
149.536674
429.039954
96.265999
97.260369
359.838733
58.711570
328.952402
855.038819
189.012998
101.792630
212.052028
295.022191
347.021861
830.031201
274.227777
764.006875
246.411394
64.010298
244.916634
1507.586895
374.211049
116.630751
90.852276
547.329192
87.080355
122.085595
83.448593
107.730714
225.264011
232.270754
119.982078
123.509096
304.828928
358.143480
93.732232
427.197573
641.719490
708.268379
114.300409
657.577502
362.602753
81.440983
96.235960
213.767020
114.450268
95.413259
66.398656
1427.464770
99.667316
496.612314
248.044616
802.580400
134.938642
134.426224
556.150362
262.381765
508.142272
492.125450
39.956012
283.613176
118.975114
23.982568
320.807475
83.211883
378.746107
190.754976
134.257102
316.430970
472.897301
130.910070
57.268011
216.383006
294.377471
89.771589
145.137200
88.005543
213.402415
89.295929
217.986563
270.356132
9.014347
82.662804
93.021967
630.012663
231.162382
178.612638
176.489794
737.505441
358.921726
61.733905
106.735155
219.688927
229.409214
206.527621
156.005692
209.027394
150.001770
113.210700
71.737706
358.554317
618.562350
76.262800
105.237159
797.288406
105.940553
238.040334
80.407832
244.688273
178.073611
180.064699
158.191123
252.101881
794.938635
162.103228
64.763011
62.428545
379.166140
135.745310
93.868963
252.363712
78.513268
146.141275
243.073893
453.467486
723.811442
429.597655
105.337147
647.848306
905.651315
53.488721
73.284745
286.865651
111.828190
61.934721
332.940158
237.445878
146.835162
172.647325
113.516978
322.110511
447.350508
163.198682
116.288338
723.977941
605.356574
116.223811
135.275147
2106.170184
177.216487
138.211928
44.982630
543.537212
247.607789
87.284911
143.781262
265.937434
351.966494
618.325768
74.535795
518.833832
674.836848
148.257966
42.686340
1531.638708
300.898945
241.342471
103.287262
1687.427622
1064.869441
99.677272
89.333486
1096.190459
416.714038
63.949273
205.505038
1926.181574
382.672841
188.248260
60.740767
2176.518774
216.747764
133.576018
51.873219
1969.930416
461.281337
204.841809
65.702949
1723.346780
2924.485362
434.093949
78.335560
386.994155
186.041047
260.334332
973.685669
1505.690419
197.111718
140.226944
104.944261
2770.670925
191.414298
178.728884
123.749823
2632.063773
2627.601409
165.294660
89.707589
169.597760
252.276800
22.875465
212.311611
4137.737008
713.080287
597.920627
233.474864
671.540628
424.471947
104.592713
695.234905
2239.530700
427.217865
286.259238
57.129715
2435.117111
163.610345
166.181564
110.268863
2351.692464
1252.251483
289.909337
315.387105
49.169969
414.735576
138.872905
84.112976
2163.524927
302.709572
323.969834
206.500162
1243.689730
2973.767181
291.652425
66.499702
2837.773558
2360.319494
462.947505
1017.424794
966.191274
3533.576705
180.505426
1683.237916
4291.774864
2699.977152
292.335071
89.887170
3084.887725
2044.494068
797.010291
331.782415
2806.740169
240.240663
53.449673
470.500078
1205.427312
172.032352
624.529939
194.140273
2297.525420
1134.181740
332.601277
90.858941
1850.861430
804.562529
241.203055
1031.934190
957.190280
142.157098
8.179576
189.562212
2361.016267
22.635006
87.245813
83.485056
2813.576817
223.526010
456.640599
234.586460
2109.600700
479.908825
92.639834
101.105862
2868.947991
378.324323
231.298443
390.763428
1905.145804
602.190947
276.514463
193.546931
2094.187662
1644.563821
715.499916
272.608022
51.256002
825.648736
395.327901
55.064340
2431.598678
4074.841505
2005.598891
88.490004
227.336513
2944.892561
78.028375
57.314362
3483.372874
3230.849914
517.828449
151.222610
1769.120548
3673.503179
163.397821
75.617476
3414.977643
3339.064951
1925.164987
57.523148
4714.522561
1991.393211
863.608390
209.353431
3248.591258
337.684455
1366.257982
646.029015
24.877593
3800.997428
965.319469
454.247237
1195.168175
199.023352
642.513628
72.475905
1628.722245
729.355180
2501.963588
0.000000
1424.004641
803.362844
307.743045
173.697185
1828.879257
369.637745
1043.428576
225.759666
1234.830273
2756.581272
2604.122512
436.746624
4325.219072
3972.378272
127.555513
277.419504
3531.387534
1959.002352
155.754475
86.292965
25.130563
3065.966366
427.465635
76.096244
1278.165729
155.096439
559.560986
86.060873
2860.089687
346.551857
112.292722
938.507576
1974.723866
4031.421179
1761.654269
298.834183
666.808480
3117.555934
673.728030
63.354034
2292.269206
2418.616272
232.680526
182.784382
3535.009958
243.584549
81.606309
1516.949703
967.809513
3630.765534
40.661996
287.137017
4496.492042
658.129772
621.494943
1254.322362
1075.135533
135.397079
171.920477
51.654372
2408.523952
826.651208
112.907162
52.001567
2069.802838
2267.124409
97.037988
67.012729
240.316152
1240.797771
208.964652
118.112773
871.436192
1861.152641
223.661820
358.223113
706.067058
517.757277
338.276399
218.335332
5.163541
2019.697858
108.738865
192.485779
3326.044826
1127.924523
193.377566
205.677696
1248.417963
1229.314760
159.176418
124.717060
892.859320
222.939155
635.985992
257.422650
1170.786048
123.384045
316.883761
75.483827
4178.898232
254.971542
257.739173
616.600649
980.555228
73.542953
1079.877726
140.134829
1646.450977
2354.805706
483.286836
245.382871
2286.196326
822.188201
1561.185221
377.247330
3787.873851
1725.187009
299.223767
103.909796
911.829036
1314.952542
45.775434
131.360712
443.521963
4813.575402
1041.645283
808.779695
3733.080629
4698.411981
196.450392
1871.354676
3773.657676
4290.779807
375.427088
1828.402916
4355.794246
2096.763016
232.642226
125.602789
3375.381995
3288.250934
3472.801751
2257.856955
4658.079617
3826.203378
2171.530818
1162.876745
1805.338591
3611.441581
1112.423899
197.326257
1869.415759
1863.035200
520.536112
67.123849
1996.386324
3355.501246
496.758171
58.824486
1914.438280
3659.354275
888.890580
451.779524
909.791982
1191.326508
1570.752576
216.526051
2304.945797
3754.171306
407.293865
165.147833
1293.675924
512.333317
292.360848
30.194488
3177.857068
214.494140
613.291790
287.188851
231.728941
1327.920747
251.835249
87.065498
2325.881652
612.922745
223.292461
278.724086
2063.827821
752.121665
109.338517
159.717349
2391.243924
620.953906
87.809808
89.932015
1490.630034
2103.799528
155.501202
37.297977
1426.848709
987.494712
80.702731
81.792178
3299.210781
166.012535
495.211322
119.343471
2583.229021
179.808269
82.370225
37.733475
3192.192717
973.431652
139.795581
61.074162
781.643310
1606.691530
563.673930
332.181239
12.838201
0.000000
