-5.166207
-8.600549
-54.172005
-17.571227
-1.340905
-14.518409
-14.021770
-13.117685
-0.349476
-4.805564
-6.547666
-25.287074
17.886384
12.275503
29.537841
-9.713641
-10.794571
13.216449
-18.439163
-61.834402
-7.912219
-3.541772
-11.864278
-23.655865
-1.632838
8.187403
-46.840046
-8.678180
6.834095
2.102906
-4.916940
-18.514459
29.259846
30.452225
-1.086153
-24.230236
104.492152
14.093944
49.730950
-70.731569
10.200696
-10.270212
81.665721
13.711276
41.030432
43.289517
-19.189859
21.754564
194.001138
333.064260
-26.827000
109.246892
4.617723
22.908932
62.864211
-4.496441
-2.627400
8.952578
24.253345
226.597297
6.328904
0.095857
30.389553
0.000000
-6.865062
5.235569
3.806188
43.911784
3.902642
-6.747320
0.719278
-2.700699
-2.600543
14.059811
8.962853
231.370228
42.316879
66.791695
210.221673
202.894899
107.728101
41.812107
6.135693
-45.796366
42.648021
33.116894
398.677349
145.219762
0.000000
8.553173
445.924538
166.003995
-0.560211
0.794147
-18.577210
-30.105511
6.871351
13.231341
980.307354
-9.406290
10.336641
38.393545
305.895943
0.000000
2.562716
51.943532
17.754726
250.198314
0.471372
22.642024
56.943930
39.976095
-6.428862
6.203406
-25.926442
28.857262
-11.662571
0.000000
263.914427
273.912812
-12.020509
180.755797
1018.825065
1377.282099
2.347769
104.407093
831.056620
43.932242
-0.211386
-3.867414
89.529903
-6.060319
4.296196
20.094566
89.640665
483.592076
6.499203
-20.926123
702.524740
1862.602470
43.742222
31.428932
661.839333
1074.452161
24.308496
13.792469
-17.115228
782.614504
11.950979
4.775390
79.655720
3.198759
-2.802740
4.980788
232.020722
-1.483079
-7.978594
3.835020
0.000000
69.060254
13.744346
-14.404919
88.878670
25.162621
-2.264285
8.415087
122.564681
1162.282043
-3.050618
9.189308
1813.131226
1444.233748
-3.859759
23.893740
1928.893182
1145.219587
14.605382
23.266092
1150.491813
1218.009960
128.402158
216.556870
740.021992
113.468999
104.553526
247.222739
5.603265
71.468007
159.041578
542.781758
65.451184
791.695438
278.260778
392.424261
203.513657
28.103241
52.528769
503.249716
308.721328
178.228178
11.080221
360.852150
133.499521
244.703437
157.707878
425.271965
188.184864
101.703143
79.670099
13.252441
644.942616
77.706048
95.168479
129.725876
75.057537
88.832982
247.259868
83.773126
162.272202
140.520847
25.375603
32.237553
347.031755
157.112253
455.527981
467.992582
127.891526
61.797224
435.368874
255.018579
18.344305
-124.787855
114.166665
170.681065
-113.056402
-39.675782
87.853591
333.326795
-56.148946
38.513914
278.840736
-5.037081
-42.403918
15.083866
3.393422
154.847421
-7.767302
261.842979
126.371661
125.147948
160.760780
67.379451
135.253121
13.597444
277.043567
15.026261
339.150306
185.478715
736.746224
42.718366
262.849204
410.873208
176.568178
32.948344
166.833606
508.428455
184.317717
232.720947
85.267540
46.588019
29.240972
224.083970
6.672003
311.326430
14.094876
82.043444
371.389023
438.857873
46.530070
143.473339
537.453387
654.265628
245.746721
50.966951
204.961348
46.418460
37.861467
261.965084
799.762022
512.667511
878.876417
530.920178
746.294648
264.051944
141.562473
30.764683
177.787180
561.204819
176.627278
165.225458
594.021317
914.714395
113.491062
43.889064
625.366130
485.890260
169.898242
-3.882052
409.165117
645.390440
316.996558
-23.982506
449.193485
888.377363
1232.389291
717.322412
819.345313
766.733113
572.863572
18.099534
209.251672
210.366744
224.754255
125.836131
149.195771
994.750514
175.632111
616.712891
553.166933
637.277918
615.791837
211.080823
206.172963
899.906251
1477.024592
249.095198
484.559158
930.013609
834.134349
-13.280365
97.945779
585.396506
287.305295
1352.049189
877.602896
341.656791
484.776690
181.411894
785.226908
175.223268
1072.467373
1463.246997
80.707192
1198.497707
816.792381
87.228186
1136.825279
922.897455
1817.447250
55.124510
113.497839
672.733166
71.581212
174.948621
418.164844
88.283719
237.259950
-5.535056
984.241083
38.806738
859.414328
51.031445
353.131314
1002.295639
60.996968
339.532947
327.460311
851.217064
811.762640
18.302497
24.557151
525.399719
563.900578
94.308263
493.054283
1217.689489
181.554155
65.956174
1114.792009
200.462371
1001.223110
461.293670
607.269637
1284.048560
900.937068
73.346953
372.416954
1558.888345
146.846512
158.043793
196.233575
1031.800973
1477.012772
82.353143
30.220980
974.877003
1742.823840
1237.563532
5.670884
1268.509976
1071.643509
26.590714
-21.664416
655.504168
219.269211
476.823926
901.988777
742.140500
29.032560
53.243011
394.724601
389.700560
186.663691
59.884074
42.479005
1118.748322
377.823960
47.919190
348.921671
1164.172397
1269.276675
338.524141
1390.199010
1186.158894
302.714596
-13.819107
1089.408793
1497.901086
103.265854
147.094974
1373.342473
1417.791837
131.856408
63.695148
1573.174076
189.299324
105.309954
1042.215157
2035.102882
1428.626218
84.141685
859.309960
929.293588
1586.259198
1014.308268
919.638486
187.687744
1545.976107
174.450196
65.839037
118.757830
138.383190
1548.997201
83.798310
1739.405704
563.504985
161.530436
62.179665
288.828995
177.602366
467.094049
34.577525
1780.802055
297.751664
151.999753
94.463527
1110.213453
1406.794416
109.630193
151.805569
1840.576429
1036.545774
326.102733
49.475183
2148.965259
1697.071525
118.095382
843.303227
1171.766225
1872.642445
102.101384
150.755323
1532.923240
649.917434
125.929623
38.554567
205.103769
1770.336155
270.783257
175.082865
1374.765880
1922.016185
1089.946660
4.969200
2109.590877
1390.525165
1796.754533
263.538970
1728.747432
1716.396354
211.329702
70.977109
1893.816998
1574.809485
323.467673
443.095673
1275.770567
2016.747061
304.355038
821.576000
1493.836374
756.198700
1511.072680
683.589196
737.249555
2580.741957
1317.442228
399.089541
2938.953232
2627.258916
969.400954
650.823757
275.246399
1730.325013
457.118929
119.417259
1640.945744
1645.926150
357.205083
169.765308
1084.806925
262.484579
370.998018
134.528577
1280.745905
1459.083317
121.069190
96.068568
114.541925
1592.805412
323.288382
405.546732
1868.820487
2274.271949
45.865540
891.324001
2092.807550
1829.650466
642.620040
137.598662
1570.268758
880.371675
396.253307
225.103821
243.998689
202.127004
147.894954
40.772662
1896.909900
1910.406679
214.484902
160.201803
2732.518994
2068.598961
1419.776887
301.767613
3311.478141
1967.931433
90.099183
175.735285
3032.357297
2333.833349
1120.597700
24.560957
2700.148387
1476.286005
378.471833
75.452257
2431.541286
1240.228550
248.654282
71.619844
2389.914123
2106.967471
1926.150556
6.873696
1890.876008
519.193279
1424.757983
206.068777
289.516531
2708.973944
430.440666
156.118223
229.576873
2137.590421
215.749158
646.382300
1821.219725
2233.133784
63.177436
1566.318037
1234.002403
2745.577610
687.981223
520.898409
2939.545795
3661.211541
2977.935734
978.576085
1566.782421
1197.677320
435.433490
632.254429
2267.650992
345.818257
1635.874198
2752.614234
3218.679881
966.142594
420.331088
182.994138
1111.527699
2050.974080
51.022887
1811.256568
3669.121795
2504.170853
2252.448592
1915.633686
1029.551691
525.788668
1199.753454
1947.189417
3121.991315
66.214619
2133.427621
1911.710536
2958.166170
3319.881278
2049.059083
1070.702923
834.262443
2816.563305
2859.373465
1788.046264
1055.608746
2831.981062
1276.638997
0.000000
910.144315
2015.865988
823.629006
104.966822
871.969758
2034.664868
1411.988802
237.780085
787.681750
30.698417
420.844956
1074.864268
3605.593928
644.893711
534.978655
240.707770
469.679089
2883.937027
706.720923
322.676690
45.381996
2505.831423
2684.664029
13.565144
1000.403639
2927.213307
171.548181
431.275450
2356.651682
3427.857899
272.222463
1778.871427
3706.786148
2477.129330
293.836873
407.932887
984.853365
527.055704
370.712201
576.512568
1036.594413
2538.719151
184.330004
1257.544687
1579.861757
78.829771
276.073388
72.911715
1652.564852
2881.298595
2600.232400
1185.770981
3701.338007
3969.072592
2731.375063
2144.687732
3781.098197
3378.115406
3048.024456
2241.014682
3299.166717
3731.220497
2349.416159
540.522188
2880.382691
3247.721362
1733.059386
1802.083296
2043.380412
951.307672
3259.816160
2934.984939
3846.938742
3406.201313
2627.971098
2919.928790
749.685646
1995.408423
2189.604018
488.913699
2795.399110
3436.021245
1691.600345
130.315360
3487.803378
3155.595200
161.212642
708.474372
597.716682
2937.335675
1419.384360
148.756452
235.938519
77.935872
156.617239
1072.399488
3656.184232
1975.004417
1263.378699
2440.796441
3711.236365
2687.503725
2758.186982
674.235309
2473.890349
3066.337764
1941.970636
1464.661919
907.809759
3488.879762
1358.736558
427.892014
24.776870
2004.465765
595.810329
56.297456
2232.454945
15.446675
2372.191248
241.072414
2942.015440
2523.758414
150.003584
168.776047
1182.931921
1058.146498
1880.018715
472.163234
53.961798
2235.747663
277.853144
597.158373
1148.178053
287.657650
752.552721
596.700205
754.223406
1546.880298
547.779723
216.449722
245.351620
2757.525251
2796.292284
2050.891950
4594.374025
3474.044286
1619.917248
0.000000
263.486266
642.242323
526.505099
19.215453
2530.261950
3257.164062
2112.576158
805.439382
2657.472746
1846.749584
1064.799147
1746.502601
1315.586750
3687.897111
0.000000
759.995405
2859.913785
2388.765219
69.014534
123.458260
283.686662
2470.408099
124.088865
95.120870
3610.845165
1789.485860
136.193820
904.842295
1715.865748
306.501998
362.906942
186.790790
1907.002881
2448.541156
320.664962
88.457374
2638.952881
1537.992790
353.295274
232.574714
374.781257
340.610772
338.430133
103.038161
1674.074139
648.293683
311.009629
117.636636
1462.727908
1132.075764
60.850762
51.341124
1145.096369
786.638411
268.891154
224.229013
356.403968
1889.998687
80.717950
90.145456
3839.956843
2927.170513
162.681231
608.818624
2303.830098
2402.969049
150.938207
915.951830
782.511640
1256.040286
77.723882
168.459921
1187.946949
1344.257414
103.823703
37.145967
845.159631
943.992968
1303.007821
318.715485
274.063612
2169.632660
203.031709
235.297489
1704.492301
274.248485
170.234011
153.214471
573.985289
1725.387748
609.136423
1436.358415
899.255671
1685.953773
427.623859
107.407466
2555.793398
2770.868195
68.581584
207.736539
2486.315337
1275.421038
198.894350
184.171317
1569.633528
78.860398
2857.017362
2799.650657
4645.289883
2434.897654
203.394332
915.072602
705.262819
2932.092025
369.000889
1912.554704
1903.017609
1029.735152
709.613544
1024.802956
3808.612509
924.527485
1453.311478
1659.355578
4207.509912
3372.476550
126.704562
2665.846741
4343.232003
3218.785620
2056.076392
766.053287
3283.856952
1652.663002
516.023095
2016.847616
3717.393638
3959.182340
587.605354
236.127322
2764.997345
2443.003561
336.899474
1568.772738
4773.216677
3300.046722
2364.986818
1283.234776
2181.632936
1419.464088
1726.522495
252.566746
2086.854737
2770.902088
1293.720936
138.007162
840.215302
2987.130343
2092.165784
1761.457189
302.877209
3584.886878
2610.307809
2326.819640
1771.940021
4204.267364
2825.399758
2453.381657
3351.427415
4312.274462
2684.327895
2431.105731
3430.067139
3704.264928
2633.298796
3172.828579
4053.321496
3216.246420
2855.664655
1891.996159
4782.206952
3559.894752
2508.132181
257.607947
4063.477557
3150.952799
2723.917881
2412.321027
4196.811268
3105.169680
2735.928760
771.019960
1595.485120
2865.245591
295.114878
89.639319
2853.270845
636.651800
566.277868
111.090301
1449.222467
83.400956
239.741028
149.313340
356.472234
676.873277
254.603001
120.459453
120.386360
828.676085
83.678368
67.892881
2536.949236
339.165274
301.572726
87.762507
2215.991025
3751.999379
2819.408432
2266.358568
4156.257681
3439.895124
2452.557235
1564.196195
3712.071118
2693.445178
1930.786943
393.343283
880.490941
1495.060931
2333.559694
1760.201925
2690.632450
704.482663
2125.439153
3176.332459
622.401306
3198.893366
2848.647717
2199.012047
3297.997683
3638.070235
3349.872771
2752.849730
4098.894928
3067.036386
2101.766317
725.930692
1925.703131
717.681345
1854.647746
155.112231
3576.509852
33.462806
2294.073840
536.964771
67.871627
214.112794
38.557418
47.038794
2724.292754
2161.012098
478.887903
88.500983
3232.558995
41.454060
35.030450
156.955838
2309.263207
292.642792
194.361972
80.727120
2078.556754
837.863201
1029.827072
1487.041582
749.493334
3079.840673
843.688838
710.436136
5.456879
788.476731
317.412384
583.146071
1776.909499
4674.058580
3070.108448
1186.541908
657.514297
3551.195479
2594.005188
3465.584872
3323.189516
4626.101098
2927.572867
2297.392754
4933.136499
3915.685971
1897.849915
1915.779205
2906.491738
2961.751825
2325.558278
649.205433
2762.968356
1215.662997
701.532191
1593.253869
772.771976
1592.661324
2170.964673
254.497543
3094.756719
3281.314445
209.927749
68.408122
2464.583560
3574.089586
170.308643
1277.780159
3625.447200
2672.923006
2274.205936
1364.972725
624.413235
2587.634468
317.694203
291.767908
2627.782050
3198.444839
854.098245
579.720831
1487.894740
2886.158912
814.854013
1716.517468
3364.563699
1163.071028
987.125178
1752.917480
3737.819481
4294.846259
2892.718883
2094.126049
3926.576507
95.524364
3638.334545
520.780910
3440.851837
242.141412
1880.105675
829.990694
610.406641
520.172648
184.618058
267.369752
1968.941732
4056.420226
3590.165636
1855.288330
1633.061351
3428.236960
2263.882833
1623.346947
1972.384913
927.583481
1568.322080
1445.814063
3903.288363
1571.843306
802.456298
38.714109
3532.913020
965.089283
1652.049319
2275.571539
1177.919329
1372.680585
2548.048338
2383.194011
2850.540093
2748.140799
1047.585205
175.679029
724.199416
458.094915
99.692242
306.872689
1227.752202
2357.983720
151.398218
811.745861
1650.336467
3195.992669
1928.286304
3063.395288
3409.684453
4147.308210
2697.092583
2091.143168
3948.314534
1873.823722
412.720207
881.476745
1055.701509
3388.878622
2142.232753
2801.289682
4837.172011
3526.670727
1149.769978
243.571508
1409.742088
670.642731
848.253976
202.926164
1250.320396
3661.978396
116.639581
441.738368
3364.701100
3718.159853
319.795956
70.019171
4065.951148
4243.822422
2067.237318
146.399680
3484.517634
2487.194617
2738.481124
347.890829
3013.776661
3540.028016
2369.473319
438.079300
3016.567998
964.998106
1023.341697
371.828477
1084.724099
192.005475
1835.189126
990.419545
2236.863796
3501.161162
3140.889387
321.892459
3230.029683
3673.738637
2848.552415
1986.279162
111.345739
2821.835476
1693.636016
169.893252
2661.200175
422.398709
1294.612296
1637.899502
2888.468883
2602.215474
1577.971370
1591.987820
276.834464
136.556448
954.281782
855.364081
809.747299
3284.232112
2038.237854
119.405139
1175.530196
1431.298214
224.482046
59.797218
2719.053419
4318.384662
1978.699735
877.891068
1219.973400
2074.430845
719.420729
340.192911
2699.035059
2155.529934
196.562231
116.062211
643.638340
1221.823940
568.404955
301.841916
660.389138
581.656964
234.466029
245.391155
1425.060547
178.977092
384.874641
312.868750
1947.459723
2392.756285
2698.774056
606.343976
4571.404314
3313.294529
2183.242357
1953.989355
3423.226804
2406.516259
950.223052
600.234224
3312.631465
1752.647286
1268.665488
748.781224
3060.423566
1171.419853
351.111088
265.749780
1076.140055
640.165724
281.510404
1763.070159
3101.933991
1674.347440
169.623072
1612.324919
3473.307532
2394.174631
2535.575081
2596.763597
209.442274
2852.593078
1631.532113
297.877384
3313.606509
3746.448148
1551.353508
416.311447
11.683793
2901.689563
3324.915135
2740.283408
2490.727811
3885.448480
2643.839198
1164.922012
1446.597009
3861.992954
3452.237423
572.354702
3525.214982
3715.395144
2091.524859
2418.402381
138.732603
3499.697841
1902.607064
101.284899
3001.917533
2978.550293
2085.199511
400.452985
2923.319743
2689.113452
161.458764
181.839819
3304.589282
824.593140
1799.884366
274.728732
3990.913315
669.728838
559.394361
1941.334344
4724.038663
3549.212492
1643.036117
592.572553
2637.362999
3181.929966
2172.123930
814.562891
1271.919695
256.405380
851.774439
1496.543963
4260.514105
1378.480509
1062.848734
1920.899832
4205.220262
4300.852229
2859.289543
194.377674
3380.296703
2012.295294
451.785483
1348.569888
1183.973984
2316.499875
1543.642905
86.125988
2804.087021
3064.954257
125.268260
174.231764
2177.428420
990.611722
1389.813369
393.420798
3732.026036
1265.816901
152.440461
336.491350
666.764588
3329.940007
481.085488
639.008060
2463.385003
2914.201706
1235.197700
305.689563
1179.726634
1252.933320
706.074279
740.809238
3661.684878
495.647464
803.266263
167.754151
1792.519347
2332.206662
2575.854926
1235.366451
772.213969
2518.219219
99.699668
1693.477029
801.123429
2453.124227
2768.296181
1415.960370
3328.520787
3774.567001
1982.098851
1471.810244
2886.439547
2929.710801
905.074679
293.733312
469.430729
1661.341608
2703.725980
612.775506
380.160397
1776.115092
2312.960806
2079.441093
79.758400
1943.001705
256.902359
452.256120
582.318619
900.213207
1913.416213
2139.827575
2539.476249
4219.645903
2437.768894
380.673706
3335.547176
731.008454
2131.439074
525.077063
2280.574123
2023.926023
732.796712
184.829056
3268.904226
3647.742181
1724.904609
1057.675628
4211.996964
4236.993119
2659.056116
2296.355326
4259.831582
3749.106310
2978.760077
2956.396098
2651.658446
3391.596954
920.954893
1036.219827
301.114584
353.396875
1358.062096
975.468857
2675.866258
3815.144330
2036.955250
637.276609
2204.242869
3816.605984
166.042620
232.595446
1373.446821
3301.878670
919.042443
424.404154
1647.230956
4607.348325
424.040965
2241.195703
4765.091643
4094.303477
965.759901
411.330824
1851.578492
3590.889757
728.376896
329.304662
2220.141227
2395.787086
472.028709
49.334130
2414.151646
2138.477565
295.386822
328.540587
813.608554
907.227363
173.913254
34.504511
2230.572547
432.133053
217.290717
57.671247
1313.782991
189.527899
121.585407
745.432662
611.038541
118.877430
125.110061
17.711216
1925.078850
108.536258
91.357490
220.210616
1342.693328
314.885324
241.630609
592.105993
1092.560437
2152.522678
2069.451825
607.480097
4922.744498
4019.097536
2502.513724
2528.382291
826.497889
2187.115433
2625.587996
2108.455077
2206.791849
313.286298
968.261178
127.617045
982.073087
2934.613640
926.281575
1232.119449
3731.835949
2120.311949
1864.929257
255.584153
3057.962253
1092.507662
481.095504
435.476431
840.495514
279.554205
1930.324209
210.594044
2522.280909
3085.807520
368.924354
