-3.694707
-11.698853
-16.980238
-1.834109
12.251881
1.254706
5.221653
8.841296
-2.048526
0.000000
0.000000
-8.140674
-2.995433
0.000000
2.193657
-10.189772
5.685502
10.562879
0.000000
-5.549228
9.278807
-19.517204
-4.443708
-0.551847
5.790367
0.000000
-1.427878
2.306474
13.190482
5.410430
-1.019809
-0.190528
49.233531
-10.486889
-0.010857
-7.077231
-1.011369
0.780945
-13.268743
6.428972
18.291681
7.431311
9.996395
-38.694959
1.701174
-2.937594
-15.505219
-25.753740
26.323584
0.000000
-8.636803
-18.323273
57.212850
0.000000
23.337106
2.993887
-0.286396
-21.563869
18.627991
-5.793989
27.058718
-9.853979
-20.374621
-19.769089
-1.157421
5.731727
0.000000
-7.897091
12.774151
12.772041
-14.462145
-2.141830
-10.068093
11.836784
9.826559
1.490321
1.766259
-2.580842
-8.457400
7.103759
54.467865
45.217026
-18.930119
38.709932
289.194703
76.959594
0.757673
88.214663
191.977172
99.237332
170.624208
451.053682
137.607582
23.323594
233.215465
520.771080
15.954726
279.691663
1198.348036
261.806569
180.526774
49.859216
406.774313
1054.883449
5.429389
322.040526
1307.704922
242.446295
43.692004
113.955135
536.167044
1288.828898
276.555560
292.687321
1399.295147
1842.382869
214.308118
334.776024
1684.749471
1904.416483
25.778065
123.156495
1501.728424
797.407594
175.067504
142.193098
59.487225
1367.967890
52.256466
109.585910
607.036387
465.624614
147.759769
8.804527
-4.152633
446.335325
98.266770
294.995541
1188.333944
241.028352
209.344591
314.512926
1572.944644
1423.197738
0.016626
105.494010
345.369874
1960.764393
307.510550
399.314517
1245.867428
674.575697
139.939413
37.123600
1750.778793
2916.173254
80.582476
110.117586
1874.590220
2548.507861
96.171915
28.215689
815.465248
2384.356071
124.589788
137.373290
1940.711853
1692.069299
228.895960
7.053830
992.072001
1856.883854
147.532378
216.192928
1500.708848
2374.881287
136.727921
251.877615
1668.386732
2372.617971
27.462961
103.538703
1811.535138
2151.694543
74.460417
178.187372
1518.966307
2767.234249
182.842928
33.808229
1232.788254
1890.613109
156.927815
161.443919
184.221942
542.690990
14.989815
199.571347
30.462787
1906.883850
206.254195
64.470971
1312.411626
2574.261175
63.298932
105.367553
412.752096
1201.091807
234.607076
128.884052
261.506760
1983.561029
234.142887
258.401221
1060.943101
2258.695665
85.487120
118.281583
2089.074727
2653.874018
258.947049
66.600057
1269.322902
2740.486107
185.554491
138.042951
278.029151
2515.011812
203.809426
200.157148
2185.676474
1656.399477
225.154873
230.724646
1907.324083
437.760826
239.375806
69.803698
372.543919
894.911818
88.196546
26.741774
888.467775
97.361477
91.696050
212.455176
1899.874745
770.395112
347.807293
102.172028
532.968262
2291.590048
72.251503
29.150894
1965.235586
2537.479893
235.232224
409.834508
1739.425341
3105.208708
312.340950
300.429877
2339.461295
3078.831595
284.211520
204.500696
2244.099871
2289.090446
251.061477
102.455553
1664.937363
2365.051999
82.653824
251.260004
2360.717315
2566.911871
60.752680
297.545724
2397.558121
2614.127230
291.126804
267.663473
1114.369523
952.623653
417.574410
388.491941
2131.676898
47.780055
210.795967
102.761201
1353.195717
2248.091381
90.291442
76.430598
1442.168598
3072.417102
275.271297
246.087832
1404.896707
531.816959
316.946571
304.690726
2505.774714
443.108694
115.613654
226.546999
1996.708069
2513.144763
129.017165
183.307682
108.135689
1288.517685
385.651928
299.424672
1999.886241
2170.728804
230.842126
250.326960
62.152540
2230.704509
244.992492
80.395660
1314.234330
2686.929656
95.285517
139.157543
2076.611472
2114.261967
299.345317
298.238658
1900.270983
106.707962
304.869066
204.773911
1106.040989
2686.924800
312.050027
236.870501
241.261319
2842.068751
308.622591
256.932325
-7.232480
1273.801065
382.764321
182.840495
572.457883
2140.346810
285.231984
267.457178
116.646275
1334.149509
437.770288
269.932689
2179.252342
822.537298
326.366069
163.999007
846.363045
84.102408
290.249507
393.537070
2250.870186
2527.571707
408.413180
247.943899
2080.143110
2776.080774
51.358128
195.496640
2208.959307
3386.503860
376.405482
204.582730
2044.521313
397.700751
242.300765
169.036266
1247.662138
1634.151370
326.385426
332.877111
2307.445180
1365.638116
385.145118
349.235355
1680.328471
1826.664366
123.223956
203.935395
2449.517653
2337.655215
398.898206
243.643318
1916.017667
2763.508721
515.469912
206.428297
740.654805
2833.120682
492.595327
422.906156
2138.175949
2091.237943
360.128567
318.270682
1409.523127
2281.195597
617.547285
501.629081
295.892752
311.171040
529.632331
296.848936
17.588061
717.782828
350.029428
73.551590
1641.659076
3120.932427
433.089744
528.314061
2321.991107
2266.317416
582.684177
498.958017
1511.802832
1492.760022
263.259647
151.837294
2003.420850
736.153862
391.821612
72.184565
543.647446
2449.109522
666.833596
449.780051
2402.538755
2504.722501
497.116325
370.600336
2388.522492
283.655682
90.127670
429.659580
2177.033400
2503.348987
309.255042
436.611125
2284.527806
2443.267299
570.240253
620.800805
406.012248
2326.660602
427.266345
378.342886
2369.924175
2946.626322
488.252723
326.302110
2779.626752
2781.843140
412.501496
431.639053
2695.937644
1431.458949
372.054677
348.431858
2609.598910
18.591632
277.837185
225.821645
77.793164
189.760388
250.909196
355.531647
2390.943570
418.068265
46.760656
271.563156
2529.381526
241.674287
306.356295
571.474374
1985.202209
2982.653070
407.472140
524.116775
2383.229551
3258.171584
554.979716
604.471822
1505.790710
1416.169821
522.073226
542.171920
2128.932091
2823.926314
556.420121
502.022412
2366.193020
2548.199844
364.246422
249.519994
1033.715861
1111.240907
443.374229
474.970872
2123.799809
102.451384
326.872821
521.589460
2106.372526
1682.748844
411.895612
495.724253
1863.256730
2796.758727
562.692260
594.252443
2453.892119
2537.887408
506.866660
308.520081
2227.606392
2498.793367
536.195927
461.601985
2894.684187
3302.416807
440.341651
317.818609
2321.227440
2690.413280
273.773968
114.141776
2412.469206
2300.824484
566.209511
369.679245
2438.671327
2391.028875
372.372824
467.618181
41.304456
2748.398988
329.599598
444.588869
364.907277
376.263111
52.296308
306.362028
294.890570
2167.079593
477.792683
522.831256
115.029764
263.247282
24.828019
486.128771
2136.577556
3064.953881
524.192811
591.186359
1816.434349
2523.366169
453.137666
584.434130
2249.511008
2231.073482
454.997517
658.899185
2217.386202
2684.864521
624.800343
669.797439
2504.936104
1404.718317
307.757825
220.782865
2545.616779
2748.469808
121.403000
357.481979
177.041213
101.998260
532.373168
489.187672
2346.963214
2256.205621
250.446076
539.051327
2731.879177
3457.528862
664.933383
383.934773
2288.852157
2965.039444
659.257871
357.279188
761.880927
2339.883282
443.502511
399.033466
12.266697
3139.697952
603.664425
578.072446
2050.818234
2573.686131
322.754654
385.747983
306.138140
547.009703
517.529087
538.074154
2065.818907
1363.929871
531.059664
686.735245
732.591620
2284.436952
522.158256
146.912612
607.447319
2204.440863
493.752201
103.734647
1728.857791
3071.814349
593.795431
712.901265
939.210477
138.425461
267.746014
335.813561
548.486130
2258.164040
595.829428
776.578298
2543.158891
1919.873882
107.099853
79.450317
2092.734483
1992.705233
655.803662
532.489153
2022.653289
1218.341331
137.615018
539.886838
2574.470428
2120.186844
343.176551
93.258747
2501.941702
2079.215809
299.973548
122.441166
2537.737686
3276.274946
634.687257
403.957877
2692.326815
3158.294640
401.271881
449.956262
124.671893
3311.082017
575.490275
102.750823
2008.449294
3578.315675
447.775741
330.209123
19.871436
3119.019500
659.309385
376.300860
2432.973104
2921.437091
427.993585
606.348041
1452.804159
855.086675
179.705476
388.459497
2132.107815
1780.504531
751.500948
582.469589
2874.150354
1241.804639
695.169226
733.138228
2539.256905
487.247128
86.697639
752.363220
508.501459
2889.883407
489.165298
684.671986
2566.882969
3336.953236
547.311740
66.425892
2166.056914
2405.238077
594.674428
522.416704
2336.001807
2777.705358
221.598840
27.221097
993.700962
1088.326073
546.492718
487.624506
1779.348783
2523.488951
460.457537
643.001898
236.442910
1064.495278
429.988737
721.933931
2326.237115
2315.795351
506.951013
566.202009
2273.047893
2627.628263
268.654362
602.197130
1906.106120
18.232165
584.331055
605.178953
1497.500800
1525.561137
471.830146
46.050352
2279.672834
862.851099
73.981074
603.912790
2233.610004
293.159345
321.648385
700.936110
2113.292832
3354.727085
898.093165
784.568783
2294.320659
2456.342294
667.593055
587.947000
2251.890917
2943.166034
134.765567
459.572490
2883.092056
3393.062285
591.990540
707.753026
1369.140011
2634.030550
763.746624
580.416252
2298.522806
1917.350293
571.561669
588.243300
2473.582888
2750.160493
703.892588
424.908711
649.222224
2910.175444
708.187912
673.440373
2975.751223
1727.632224
951.286616
777.820499
2234.108026
548.009703
545.335133
830.422723
2024.542410
2982.870487
644.148960
988.602266
2737.236519
3198.047668
0.000000
830.181233
2644.014021
3491.999777
859.257401
16.341613
2552.808660
3316.940765
698.369654
704.327429
2186.907512
3438.231017
715.140636
183.805690
1786.151333
2096.040087
942.816197
827.333374
2649.585186
2899.966691
665.981371
815.493873
2449.131151
3078.272279
942.178241
816.309534
2542.927090
2856.785757
754.445998
932.007119
1646.092399
3315.813183
756.574204
1044.308382
640.889015
80.393179
55.835947
893.354281
1346.478883
3446.267467
847.642553
712.835772
2068.217507
44.622655
913.881722
1068.792254
2681.903868
3060.681009
1107.499087
1019.216348
2595.944426
1925.877280
936.115018
926.715859
2853.292403
241.603302
588.841789
937.842070
2764.610176
2127.845378
879.686073
990.288016
2681.779131
2859.625745
837.581883
1151.834148
598.330576
886.940904
943.096096
903.320832
2283.113027
2532.357241
674.383956
1002.132668
2443.047257
287.239830
508.460942
897.601273
2593.200776
3086.650799
616.560752
158.688659
1204.656317
1150.885422
754.202689
917.308159
2640.544304
2816.552731
1089.360626
1058.274949
2096.072554
3031.317798
939.078630
1073.706658
2036.372803
2936.601950
1289.954726
974.968654
2481.143838
3222.670086
1144.851696
1084.000307
3092.535425
311.997642
940.229050
1255.184298
1720.765872
2536.987245
923.432296
446.937020
1248.942274
2960.779811
1293.993466
1308.360004
2725.868860
2973.341246
1317.322421
1329.801726
2760.106289
1992.951915
974.148819
1112.354207
3047.952249
1698.729495
1046.973151
1381.624760
2038.546662
1117.878508
960.231147
1140.450068
2979.634458
2980.767683
1159.766931
945.742727
3044.271644
44.724334
946.232156
1007.226819
120.175997
629.113008
350.108860
1095.430927
2002.627131
1072.909185
1154.549712
1116.232119
237.518982
2106.636666
766.376812
234.155792
2825.449808
3531.163368
905.483883
1142.846680
50.751501
3048.511672
936.374282
1019.705615
976.686931
310.244106
922.811356
1156.157554
883.329450
483.566935
1246.611210
1446.114208
2434.409622
118.104652
786.645385
799.145511
1112.569554
2827.320998
1239.144510
1189.911348
2596.569237
3211.034049
1133.295753
565.499207
1096.929497
70.454814
803.972796
1039.865726
2424.908116
1490.661766
1227.995780
1091.136147
1616.585767
2222.881650
704.498532
224.429607
1809.047511
1416.828513
360.304040
610.770177
2333.002334
1813.065628
1324.036733
1284.348882
12.350726
770.781338
1078.511864
1390.971516
2632.076740
3302.190932
1567.913063
1635.366800
1262.882626
550.886108
1258.758601
507.703063
1621.332069
2965.281900
1497.408076
1442.813224
2767.344467
1636.705999
1344.399403
1323.303796
1951.960678
568.670784
864.067336
1559.674370
348.758964
2535.618855
1528.007994
1482.363020
2936.817844
3563.103906
1208.171859
1620.332129
3237.708115
3518.099179
218.010222
107.188194
2455.073469
3642.854581
1596.871136
651.937279
1219.590094
3623.878237
1501.368940
1402.793602
2852.650853
1448.150021
1291.203109
1665.032315
3233.974609
3120.647079
1221.593133
72.431072
2754.418104
2844.125831
1801.604357
155.255205
2642.635831
1198.905485
5.382509
1569.457005
3198.509290
2552.991808
1402.239438
2025.223581
1739.230528
3250.655445
1182.931443
1737.049599
3233.132909
3503.762741
1207.854309
1653.410148
1053.342144
775.112187
1761.547102
1790.232717
3192.842018
154.710665
1169.454581
1660.927960
2897.473121
3076.656453
1328.436565
204.949406
3006.408236
3653.995079
1101.677563
224.717492
1847.720832
3751.797260
1837.738669
1885.446914
3559.688976
3565.530700
1405.594523
1902.873319
3443.607785
2623.076045
1644.332616
1827.435776
3143.565155
3812.327484
1917.364306
1669.566163
2080.762970
3634.813817
1565.762045
1341.180025
3152.398185
3610.526812
1922.152442
1576.315314
3075.466089
3220.083322
2006.904663
1943.916761
3448.876450
952.462634
756.836844
1703.182675
3642.693459
3413.893536
541.857816
1366.714326
3636.876205
3536.245737
1870.944011
2007.374240
3214.574465
3048.075459
986.534050
799.274029
2970.649177
2382.288146
1540.610047
1831.383686
2295.052003
3337.827960
1839.941417
1702.551296
3349.244755
3583.919979
21.348542
1804.047106
3331.842943
2959.350468
1847.028797
2118.095632
3473.997605
2425.052502
2115.739738
201.375876
3081.670466
1324.144960
226.371495
1679.049822
3416.122900
3713.316054
2119.460999
1967.110744
3104.251763
3590.241954
2169.071201
751.821810
2391.445005
2085.956991
2105.889400
1825.560072
1486.480909
738.633731
100.929081
1724.720324
3416.439055
185.976582
1624.239572
2124.045995
2928.179933
972.007196
520.612242
1915.931937
3014.540371
3371.975334
1905.409582
2108.901640
3155.747226
3525.421006
1867.925290
2202.258840
3320.419095
3239.318173
2040.581957
2159.111214
3317.463062
3084.495351
1618.845352
1614.270493
3018.611114
3102.096372
1827.014559
2067.948752
3033.127979
3389.621698
1934.491696
2010.798509
2741.705324
3516.981126
1654.953216
2218.420577
3250.976431
2193.833373
1787.485620
2164.119363
3113.284389
3526.979929
1733.976702
2216.355037
1516.150357
341.798682
1924.538071
1813.057506
396.933128
1958.368034
1926.575671
1790.355491
2304.553455
2645.760914
1437.149414
1578.669367
2218.943849
2704.333801
1498.915449
2012.458809
2942.832309
3392.181025
2028.673828
2298.765707
474.128664
3271.589534
2339.450550
2231.061393
2904.956157
2183.660620
1246.776980
703.379549
1848.792177
104.489488
268.215947
2025.005019
3191.845773
3696.507787
1966.770745
2418.256283
3552.991918
3203.394965
2188.926267
2411.848710
3666.279228
592.043463
1765.864814
2295.165961
3551.244905
3737.678839
1358.476123
2006.843404
3574.421021
178.999278
1502.325636
96.460801
3418.315214
3699.818720
1777.352181
195.939376
3016.860945
3643.125397
2039.237097
2713.174323
3635.947733
3510.853808
2155.444385
2229.729137
3719.055291
3432.156075
2336.429701
2634.965408
3675.804009
3953.569661
2213.781854
2440.550770
3588.545238
3566.624784
2153.178106
2886.541881
2495.919558
3931.389169
2180.532104
2351.413759
3766.897390
2987.670512
2189.705520
2525.647646
3594.175549
2306.313131
2575.451001
2573.399985
3742.098155
3125.951896
2441.647389
2676.105881
3678.000574
2541.070297
2241.902540
2452.259150
3751.836528
3150.327894
2362.761422
2820.297194
2983.484157
3591.398839
2039.907400
2786.736875
4184.538601
3950.488693
2825.436980
3347.753522
2745.723904
3745.512103
3097.440537
2998.719709
352.515819
3439.110758
2976.028618
3052.622622
4049.361508
3987.237969
2554.649770
2582.897316
2963.791944
3821.234820
2621.101131
2911.049593
3554.012202
3725.020744
2735.294266
2647.188490
660.445497
2875.205721
2712.765715
3151.762008
3922.842883
2917.347926
2504.374716
3328.777559
4000.782286
1748.920407
574.873714
309.067786
3779.154356
4081.688744
2830.192898
2735.075672
3977.552533
92.634752
3086.903171
3288.320852
1030.823771
2452.049800
2593.509807
3486.002012
3942.989802
3656.579281
3409.099665
1647.884065
1479.718763
3584.513695
2724.637268
3689.495900
3779.381768
3969.859547
1197.850824
1136.354700
615.616760
4208.596905
3175.812508
2972.349657
2582.536852
158.611452
3135.214608
3250.906406
4180.041603
2326.036501
159.407111
3215.181267
4207.414972
4051.290240
2902.855159
2836.089635
2420.185972
648.468036
3759.233065
3342.608982
3658.667755
3522.092457
3472.022406
3375.640563
3977.583316
2781.983806
2654.097680
3575.052045
3673.448829
919.745482
1857.372554
3112.222162
3652.585549
3481.154944
3478.183228
736.396149
2952.745131
3386.688837
3483.446177
1713.426495
1222.579003
3400.860494
3106.962020
3502.343583
3657.440761
3429.593811
3507.690685
3371.731121
3742.276272
3348.408406
3618.471117
3823.288669
3268.104210
3349.755598
3678.037923
3926.042625
3395.914203
3837.089937
3891.535523
3877.176279
4177.088549
1407.076786
130.838700
2320.926878
1654.208925
1945.105484
3817.981640
3922.553921
3044.366668
448.711460
3959.149572
3931.679083
4016.001782
3994.880301
3591.007563
3698.227262
4262.089488
1498.821851
2066.181325
3747.032182
4204.521051
3366.109664
3787.907594
3774.676158
3908.334619
3450.280188
1472.193928
1892.784660
4344.786261
4114.637923
3205.734705
2772.735513
4224.747107
4231.262859
3812.177219
3956.764688
166.489467
2439.939357
634.782148
3188.758662
4147.391888
1391.132406
1847.775871
4013.564148
4544.329413
3107.081863
217.502539
4149.277182
4156.585288
1111.529480
2072.695626
3735.297173
4395.403521
3464.479112
4119.647734
4155.419275
3535.796232
3823.931255
3709.488322
3688.572798
1622.726481
1398.988551
3985.412829
4033.123221
4350.365409
3734.851217
3998.932192
3947.224933
4383.883284
3444.100685
4352.502000
4058.177825
3321.998445
3559.398593
4316.855832
4194.579535
4069.574841
3946.753697
3931.918022
2210.873355
917.259380
393.207617
3611.173035
4214.604062
4127.775136
3573.819145
2824.410507
771.373256
3951.799754
3588.831402
3664.872464
4327.173896
4183.763084
3750.793715
3837.253377
4125.094045
4349.529764
3614.299724
1783.604164
2379.604290
3937.682460
4417.537926
4038.026895
4446.101358
4198.447150
2504.672313
1166.668148
2193.836873
1376.976574
3820.487967
4282.186808
4585.564127
4376.192831
4338.269449
3904.972538
29.248742
3086.949312
3823.806887
3192.853765
4043.134544
3337.880486
4259.591787
3738.959374
3562.530546
3598.353326
4325.480553
2974.387433
3273.068194
4493.802897
4313.305396
3524.796855
4275.263679
4607.539875
4354.488861
4152.879102
4075.414187
2822.524387
838.348530
3370.961738
4040.109627
4538.383492
3650.036188
4092.948665
4360.050686
4486.834618
4294.735433
3209.994081
349.820202
4127.167288
4503.728083
3983.475452
4057.761241
4382.378392
4224.889646
4180.440584
3919.379678
4444.042619
3465.863480
21.392844
1767.040118
2427.437285
2875.615038
593.548035
4061.193132
3497.328744
3870.001739
3605.823426
4237.131638
4451.939641
4375.352250
3872.617568
4128.757137
4296.248645
4635.610285
1553.185819
2165.445156
4300.194884
3971.574980
3455.049389
3722.730528
4231.859990
3167.089721
292.522746
4144.467678
746.305193
3429.483201
3792.062464
4091.714829
4265.983595
4440.936222
3987.165896
1452.687692
2783.246280
4417.500660
4223.827853
4204.742364
4569.061318
4299.178790
3537.955777
4213.627959
4651.779886
4220.987503
4016.639066
4284.858797
4544.938111
4200.224914
4569.617873
4191.956112
4006.850484
4651.703900
4481.406434
4052.244400
4316.544257
3853.014643
4370.112696
4668.169706
4126.915212
4236.932045
4022.284516
4254.451405
4679.293799
4397.700658
3325.932831
4028.397538
1831.059615
1612.206899
3919.357243
3842.986924
4397.847735
3994.702489
3444.406850
4144.577102
4217.851734
3736.744516
4342.880192
3476.429811
4031.853625
3958.178125
3431.180929
3897.183846
3503.451531
3897.669993
4422.548948
4396.334119
4162.494877
3953.104705
3453.380251
4161.392640
2666.121228
639.226403
4497.344955
4293.078975
4464.301111
4299.942962
4487.964140
4470.158250
3705.330765
3399.508751
4045.833150
4121.605863
4384.926373
3869.687440
4030.132770
3810.004524
4628.147530
4367.474131
3431.126415
4558.846420
3538.661016
3707.391382
3582.066134
4303.804822
4278.182397
4427.316115
3766.737890
4556.536717
4478.375089
4280.770649
4034.227916
4685.625900
4654.151985
4250.497412
4201.832683
4368.236692
3644.338350
3791.774308
4004.278911
3753.536814
3028.041278
669.134732
3839.224908
3472.712851
869.536274
1468.704751
969.957084
13.125747
4614.773873
4333.909445
4245.036245
4323.343672
4196.783001
4538.712165
2233.250725
2031.924722
4280.427504
3854.736634
3355.903846
4095.462762
3132.446443
470.878579
4177.372686
4305.430136
3704.350754
4641.304127
3114.143143
4312.854357
4362.316167
4278.300376
4028.843404
4164.243729
4527.755099
3598.241517
4079.748048
4190.297895
4229.770782
4169.588591
4251.485260
3908.778806
4077.165902
4610.072861
3553.499083
4665.683690
3670.667922
4161.734438
4386.096534
4044.249109
4226.423549
4128.602399
4198.961401
4010.886124
4057.985025
3787.833587
3806.591546
4136.039320
4138.225838
1962.969824
2143.757579
4122.436518
3996.716704
3717.799893
3977.135359
4329.014505
4344.408897
3973.781598
4391.779735
4590.895672
4644.345220
4019.655547
3906.408788
4230.569007
4321.074306
450.468276
3516.380349
4292.247105
917.432971
3213.190368
4543.148056
4825.166620
4491.853912
4403.809936
4276.460059
848.580519
3658.968230
4341.209753
4846.249601
4564.006641
4622.893994
4079.787498
4232.955862
1841.904671
2046.877696
4125.649424
4326.452484
769.690977
3308.925748
3639.620910
2715.260066
1408.543159
4029.969594
4108.048359
4560.118754
4551.953391
4620.729682
4066.079000
4156.445838
4284.599519
4207.439977
4121.804748
3401.977852
3859.573408
4288.873216
3986.565964
4677.880236
3908.261622
3777.919907
1870.814271
1422.820706
3947.893894
4158.346357
3417.862663
3030.354576
3807.274493
4134.278443
0.000000
3788.981250
3570.814265
4180.211115
4470.128981
4377.066722
4122.890719
4416.635887
4029.964291
4582.941538
3907.100398
770.074166
3127.657069
4893.261909
4196.704185
4200.084239
4053.770291
2793.561301
1477.645108
2294.047646
1124.933801
4046.169591
4423.388223
4106.707470
4427.895400
4207.482353
4196.322212
4251.713926
4332.122876
778.198589
3270.611366
3961.950282
4115.246330
3188.364315
3371.324347
4407.362418
4287.113548
4580.324381
4528.424291
4478.684165
3069.247898
474.852004
2559.429653
1266.972358
3334.716137
4251.384173
4730.113889
4195.310918
3991.564411
3994.485539
4765.014534
4308.719491
4440.418409
2811.302457
506.291069
3480.951665
3867.965436
3919.799844
4890.811451
4564.671867
3211.811795
920.175155
2979.828245
4438.522822
3975.739525
3147.694214
3525.370516
4449.424068
4106.643840
4002.926378
2878.315731
3806.287778
546.095647
4035.410842
5148.260807
1892.682281
1574.564584
4285.054832
3992.060869
4440.080059
4667.770295
3728.640669
3579.395343
3581.951483
3873.375284
4313.128037
4525.842911
4475.127110
1609.520177
1989.357972
4632.560300
4505.479099
3934.371222
4219.393229
4429.845009
4298.900981
3655.442063
3940.995822
4294.375476
3970.461487
3353.767324
2381.149838
1712.784649
689.527990
2969.334802
3587.037976
4506.739076
4138.714513
3659.447298
4378.620664
4590.989750
3993.942700
2624.088199
3668.028250
4353.790658
4337.867945
3349.195318
4198.067855
3966.787227
3890.172569
3224.156745
3796.675235
4640.060310
4133.322348
3181.686967
4976.177135
52.884046
3913.655967
3297.524262
4855.963325
4663.167616
4239.745005
3358.628403
4136.655188
371.430099
4158.075669
4204.434252
4292.661298
4547.820330
4400.501822
3947.695703
4671.130721
4499.246900
4184.116628
3695.529380
2835.117056
1230.052191
3403.769610
3192.437723
5237.088715
4615.904837
4115.561170
3597.898832
4343.923655
400.726794
3594.353472
2508.966249
1159.610114
4200.791277
4097.886501
3820.866708
4561.466340
3237.997130
4067.599399
3955.821789
4381.838596
4092.984269
4315.584443
4048.316880
4617.303889
4906.677004
3664.397577
137.790303
4380.468425
4547.037528
4799.759689
4371.684709
4373.397804
4698.065131
1842.246776
2293.071065
4098.352787
4819.214738
3904.521839
4318.841507
4360.532617
4412.930077
4980.763023
4351.654212
4592.861430
1077.835242
3285.893349
4150.895862
3569.292600
4795.893972
3871.264336
1290.212515
3220.161511
4773.087890
4633.679388
4263.646966
4957.262380
4811.023559
4378.104569
4258.410539
195.486641
4461.827106
4477.009062
4405.923686
3933.153062
4742.706063
4268.741489
3920.943047
4454.676011
4776.725318
4736.061989
4008.115126
4457.182536
4566.459491
4446.111174
3997.190496
4399.305019
4621.734624
4361.836914
4397.849696
4710.661258
4758.717480
4458.008845
1343.530971
1946.376603
2533.448654
1367.909420
4745.510561
2119.901561
0.000000
1012.159070
4143.240830
1116.102336
2103.620770
4301.753774
3956.650876
4078.088981
4432.029832
4231.551514
4025.328600
4176.310287
4795.197407
4634.656086
3952.811240
4399.341173
2837.478558
1031.217698
3656.671229
4831.627842
4485.309031
3039.827235
722.759696
3764.321962
4343.521383
1548.230245
1935.749763
155.782146
4498.710468
4039.328900
2186.280148
1663.686816
4895.992376
4948.942258
4334.338970
4583.412418
4962.192198
4545.046844
3955.627287
3882.763773
4194.220217
4517.650874
4114.325967
4285.410489
4977.094100
4989.791304
4043.558675
4611.745368
4818.431641
4282.720870
3835.524098
3595.401956
4966.748054
611.340994
3257.015600
4631.348352
4730.009478
4986.716694
4210.632654
3228.394471
766.135054
2338.465986
1679.001704
4513.333708
4757.170012
4792.499168
4606.166720
4449.212208
4879.129704
5110.006417
4497.065659
4521.822459
4992.304296
4700.265685
4508.537315
5168.885689
4946.380613
778.762163
3567.853623
4451.485476
2537.228983
1733.786759
4230.170927
4563.669395
4910.000778
4920.595475
4422.817052
4627.663165
4748.654037
4510.267640
4452.317019
4080.578024
4785.950640
3867.548549
4180.734818
4640.679139
4119.064838
4235.233819
3860.272403
4745.618804
4835.371856
4328.620632
4276.595011
4895.138563
4636.953581
4379.981812
4322.847264
5032.595130
3684.155516
4475.303312
3983.862788
5247.700669
4658.961249
3857.080851
4001.171837
4004.095289
3849.926719
4432.597279
4123.653844
4481.844779
2388.960908
1400.532219
3972.088565
4695.861069
4216.547652
4426.845128
3970.666479
5562.241003
4565.621973
4675.481962
3947.501110
4219.829291
4834.003843
4172.999051
3546.966952
4641.065745
4045.023744
4411.257758
4027.302984
4921.074795
4582.226130
4129.563741
4490.095159
4934.686158
4844.185999
4077.782777
3786.044787
4854.718045
5014.033657
4355.996457
3968.161386
4829.590294
4559.021685
4510.896771
4104.212028
5026.882232
4760.988629
4588.080457
4232.134257
2495.591340
1979.303122
4658.200411
1002.773756
3738.962069
4452.072694
4557.485122
4127.388640
4878.240228
4730.795959
4395.973919
4047.349723
4800.654670
4903.729812
4659.118199
4833.354871
3985.417036
4991.491103
4836.631171
4105.960561
4549.489368
4211.386984
4277.346165
4496.004249
5258.491042
4738.067359
4056.801648
3747.720244
2904.299572
1545.525537
4154.866559
4147.526232
4592.170099
4909.246307
4554.751179
3336.430081
705.852808
4601.831292
4265.522521
4151.490073
4760.846152
4664.150774
4317.849048
4147.076289
4778.563611
3946.949809
4454.015795
4097.590470
4654.057245
4735.596441
4139.908016
3729.130408
5147.853964
5120.885927
4590.286209
4286.191948
4697.812967
4967.082783
4495.760116
4701.037987
4438.593651
4076.343191
4519.917821
3847.630973
4616.888370
4896.410096
5059.937027
4605.496849
3708.832989
4721.761021
4915.111279
4506.724416
4639.106328
4938.423736
5016.185702
4432.824675
5032.886049
4916.900294
3564.019734
186.236607
4664.752944
4150.065875
4668.479257
4209.587548
4226.397739
5002.713967
4225.087405
4683.117234
4656.263041
3743.766646
4337.926597
3865.603250
4891.188669
4657.890168
4733.081725
4482.661537
4950.772768
4848.067470
4084.227292
4227.587671
5109.021161
5315.691092
4219.830540
3981.751177
5094.125094
4752.272414
3464.771319
4677.032369
3527.388127
3132.144174
4221.023756
3655.715423
5257.028594
4778.143780
4093.527356
3579.856817
5683.439141
4672.505412
4127.389054
4130.952834
5000.829057
5091.334546
4191.737448
4745.389045
4726.390507
5393.070246
4352.953171
4137.189470
4391.768002
5098.985278
4682.128534
4171.013429
4943.988300
4860.986125
4630.535822
4156.749485
4956.771323
4291.778118
4353.106303
3487.675132
299.928547
4737.824649
3060.966399
755.172225
4768.172357
4376.264568
3961.792772
198.672862
5037.764238
4777.224148
4306.331582
4351.566731
4654.017936
4281.008451
4625.797156
4357.621607
4772.702817
3484.661881
4297.487607
4293.546488
5062.515265
4513.295948
4348.705270
3348.058770
3915.160209
1592.956395
2519.129036
3999.446393
4984.385555
3837.090311
4299.722231
3795.512265
4668.965463
4465.762934
4084.340052
4152.333273
4806.582506
4332.944067
4279.938830
4540.728955
4704.063819
3454.930542
4371.301371
4089.889270
4761.953309
4294.058156
4377.549049
4114.148709
5042.758805
5122.137142
3990.494304
1769.994403
2209.736313
3832.914534
4247.621028
4490.075695
4914.532639
4100.253283
3125.722554
559.257699
4888.077310
3934.502467
3536.765209
770.713698
3553.154503
4704.173573
4484.182857
3563.371065
5369.356223
95.662084
4510.757395
4557.097794
4326.378034
4557.642619
4395.418875
3921.875207
4205.662989
3075.230200
4155.007231
3740.725560
3993.560177
3826.586381
3628.424063
3468.038689
2679.790031
4106.229731
4176.899502
56.040209
3873.656423
3969.763798
4130.627520
3613.332858
4190.702779
4597.479016
4306.822466
4072.341783
4884.697049
4540.558734
4211.853693
3947.234524
3943.963940
4399.146970
3778.794589
3774.345069
3935.097138
4554.240157
4491.977806
4654.685447
3880.145137
4237.177803
2291.498888
3741.878185
3887.680081
3192.194781
2381.377211
699.679913
244.536489
4327.592755
4471.404006
1156.213528
2847.629007
1504.165372
2569.227397
3774.358526
4216.502766
4695.083872
4107.197393
3911.109536
4598.949020
4594.750261
3999.699873
795.707124
3688.617387
3338.284737
631.139724
3570.900876
3737.426432
4350.407796
4348.196383
4610.360073
3637.858535
4357.327937
4232.748980
2926.246696
1285.673973
4619.842361
4132.387421
4137.288923
4704.587042
4148.267496
4427.507977
3872.077391
4870.255199
5190.095834
4582.121997
4286.409346
3881.158232
5066.268725
4615.151533
4080.020450
4726.060649
5087.724379
4482.157360
4099.283892
5282.138957
4554.819528
4766.921526
4046.125907
5455.812491
5027.284909
4497.812357
3847.863515
5443.186315
4604.177568
4362.765161
3985.713522
4829.129252
5066.123649
4300.963864
4071.392289
4251.609437
5257.172014
4565.432461
3840.484365
5148.249999
4581.097970
4377.765886
3925.759804
4749.292021
4931.777865
2908.322725
1278.274513
207.548443
4216.992339
4966.089634
3955.342069
4949.322457
4745.533379
4487.984354
4127.135978
4569.720073
4853.832156
3924.611250
4071.625546
5151.304278
4721.628533
3966.515268
3755.870647
4824.252876
3464.546766
588.740309
3569.307380
4561.766156
3854.438180
4136.067126
3745.007945
4680.166206
4462.562148
4214.958105
4066.053958
4733.286221
4678.414887
2761.815442
1128.307855
4759.742990
4148.610548
4376.737220
3763.487316
3148.845364
1142.854990
4231.771163
4018.869965
5166.621048
4889.385515
4481.818147
4134.895082
5085.757625
4692.357061
4586.092444
4208.065529
4527.851950
4635.204468
4476.627805
542.214820
4101.936043
4685.128447
3750.139925
3696.023227
4557.925814
4825.454196
4064.899092
4555.114561
4233.987864
4554.360467
4224.720496
4049.832964
4629.362925
4717.657217
4400.938698
3972.671979
4750.495741
2700.762354
1282.886322
4296.640099
5347.315054
4895.684152
3122.285047
717.181405
4848.228286
4601.754835
4574.968073
669.455118
4189.928536
4731.388361
3767.389083
4129.544833
4238.789543
4505.749260
4103.005530
3775.244117
4929.303587
4391.251694
3945.060562
3981.066648
1669.269137
2491.225307
4383.911243
3535.733708
1620.488360
2068.928570
4006.573012
4177.924978
4311.225481
4640.218874
4280.383991
2680.122994
1714.038393
1808.927531
4243.026588
3973.455153
4468.158635
3438.290353
3842.258941
3757.897997
4773.914036
4173.769978
3807.383100
3914.956168
4612.366544
4256.772608
4315.543886
4142.401986
4627.300392
3987.954718
4237.115153
3687.263395
3921.888610
3755.454139
3295.581209
3761.195533
4428.279766
4690.266346
3314.048115
3873.699483
4026.516359
4177.945584
4084.515961
3806.329466
4142.661380
2791.235102
4298.018787
3656.625761
4630.321737
242.857502
3258.615048
4192.430530
4637.375668
4708.122824
4105.579265
3995.978451
4492.371521
4184.233445
3896.698967
3720.226022
5082.676793
2821.674219
3832.599295
3560.797148
3885.908668
2026.276496
4270.239587
3664.795676
327.514130
4763.161819
4343.138074
3957.170218
4730.345714
4278.766214
392.984784
3724.614258
4453.503805
3340.453212
720.387975
3937.821188
5096.986001
4603.330948
4972.768212
4030.119936
5312.800709
4634.215362
4545.415588
3554.528535
5165.375067
4352.731325
3718.792358
3792.387202
3724.297623
1180.345162
4098.302102
3686.190645
4939.168528
3749.602158
3789.574818
3291.740153
4880.773332
4141.385229
1753.256698
1548.464779
4893.293995
2985.212677
3687.444655
3430.979328
4522.742716
2902.164821
3841.614260
3363.686085
4686.716470
1586.205953
1606.071379
3579.025451
5027.912808
4406.145550
4187.461219
2318.539214
1064.480118
3665.931328
4675.713796
3672.741321
5242.433413
4841.858072
4659.430308
3885.941333
5244.274145
4933.400789
4308.805528
4156.216979
5158.865808
3520.797817
4392.791981
3958.401619
5467.221547
4934.704476
4273.467023
3858.965585
5239.149576
3820.457158
4127.897722
3798.658359
5381.057854
3241.945249
985.107478
3852.584462
4918.678787
4882.114815
4979.274004
4247.904565
5049.619722
4331.885297
4303.760793
4874.023905
5187.385372
5095.956640
4522.103134
4093.052145
5040.404740
4213.058204
4350.081775
4177.538558
4891.139469
5102.605408
4636.936479
4249.848858
4952.681503
5056.082892
4704.291087
4263.705351
4260.630483
4970.776835
3997.338315
4001.422868
5231.748769
5291.040378
4288.861027
3947.733273
5171.978450
5079.349570
3912.393819
1010.335803
3877.569595
5243.502227
3219.971730
3965.442668
5243.403743
3204.956624
957.213417
3887.953226
5008.877382
4995.726028
4254.299092
3615.822545
5434.544327
5028.061796
3671.850006
3905.001404
4518.925038
4101.909595
3227.777963
2923.242211
4532.915134
4437.083064
3626.370338
2506.731098
4550.115619
4017.526919
3883.724667
3200.873863
4552.549742
4110.063166
4160.578459
3211.070426
4865.806390
4316.215006
3619.227658
3591.942578
4010.958003
4007.119991
3954.280612
3845.374732
3667.341805
3321.411663
4408.804644
3273.738529
4041.035778
555.210595
2085.037112
3573.849478
3452.743149
3193.874111
4005.034819
4091.923887
4129.884172
2591.971017
3987.897976
3705.109844
4899.036417
5228.171390
4291.499676
3875.196994
4699.274169
4177.999670
4463.410539
3925.299739
5011.943134
4421.216871
4556.502711
3927.500195
5032.795952
4521.607094
3221.452061
3627.735684
4903.891288
3824.323780
4120.958275
3893.587822
4284.978711
5086.017205
4441.606224
3737.917626
4247.915982
4413.527012
4769.281725
2284.202544
1851.754083
4961.938177
4340.018646
4076.430814
5252.973263
4978.970577
4759.755095
3755.966789
52.989549
4857.364018
4673.637336
3801.959833
5623.956141
1386.736531
3109.146366
3884.194741
4657.232550
4934.747781
4150.084965
3752.487352
5253.975418
4414.676373
4500.581169
3586.532197
4870.316657
4892.519393
4374.236284
3790.859733
4950.887793
4457.042398
4384.469700
3743.309194
4680.796364
4781.145123
4148.560149
4142.908129
5050.546137
4653.615060
4090.283009
3715.840012
4742.022540
4423.567417
4184.626614
3696.876934
4908.463439
4625.980034
4368.148666
3921.207590
5089.926542
3903.306405
777.531421
3500.401752
4699.247995
4835.496215
4429.141308
3924.703388
4086.523425
5000.783368
3993.818568
4479.672314
5056.288037
4757.222029
4228.062816
3874.166970
4767.239209
4743.773564
3560.023461
274.487608
4779.484972
4904.113338
4517.868529
3881.353625
5056.828177
4115.297711
4349.107667
656.690226
4036.643603
4742.818577
3534.161623
3684.713324
4672.728485
4657.870335
4237.885784
3624.458076
4723.702897
4289.533085
305.687325
1003.503079
2370.713038
488.134557
4177.425555
3736.525930
3422.258107
698.943216
4090.415511
3835.267937
4294.094369
4718.520496
4134.329981
3308.437947
846.751417
5004.478122
3924.582252
4039.108474
4498.758357
4936.700555
4141.820389
3968.470365
4477.562496
4613.972237
3467.256779
3588.493806
4122.987988
4575.926129
4410.257734
3724.085935
3829.012092
4517.046237
2366.169951
1252.587733
37.752076
4482.137343
4116.577402
3541.303995
3804.374109
4501.755676
4219.951153
3881.166299
3966.059265
4167.949053
4063.151475
3592.443307
4436.351738
4610.067985
752.839013
3003.623115
4108.957460
4128.250860
4553.738563
3821.098805
4667.984491
4820.416231
4475.651392
3843.509444
3850.132720
4713.449915
3237.613791
344.038756
3637.139136
600.977196
1190.220649
2641.264177
4607.046583
4586.983740
4734.239823
3858.486303
4019.563225
4693.189813
4546.812981
3941.065758
4169.879732
4996.455276
4342.036188
4427.822725
4372.292663
4301.621729
4243.997686
3880.915924
4531.214632
541.712130
3693.045351
3893.086932
3943.644710
4030.734206
4386.298613
3913.236312
3315.072715
3939.477214
4164.452631
3955.397119
3992.861626
4898.386071
4559.307253
3734.740135
3730.844245
4487.484653
4064.887784
3956.089188
4142.166927
4798.696351
4244.287838
3795.405044
4205.412275
4393.721154
4382.192435
3779.746912
4294.737414
4109.398483
3980.436331
3270.492695
1508.143758
1943.761771
3835.481019
3530.636361
4671.768219
4151.071521
4363.533478
3252.887697
4839.298665
5098.929581
4252.029555
3792.293774
4551.496950
4592.744453
3967.001817
3771.898078
5242.918083
4762.580321
3966.641228
3560.443842
4074.084054
77.676170
4305.261665
3777.588387
4631.209392
3559.197096
3519.837302
3758.236257
4796.751813
5073.457872
3062.871405
3944.794837
4829.955706
4740.098339
4436.099020
3790.489905
4870.726346
5165.653003
4481.075039
3343.272470
3532.979938
4503.309529
3794.486797
4081.164967
3655.335190
4598.050557
4106.886231
3631.917551
4382.809461
3892.345291
3927.113269
4178.199277
5198.107678
5329.096776
2805.041689
629.343772
4544.786990
3659.989085
3206.344607
2668.616409
5016.480907
4524.163210
3796.609213
2912.864887
4580.422411
5012.556569
2819.955992
739.822080
4722.491811
4615.448305
3965.993526
3372.857825
3867.842573
4769.482059
4179.858036
1177.573828
2994.171029
5002.065524
2579.124295
1194.109749
4824.926792
4828.693118
882.388130
2805.933153
4899.834460
165.708189
3836.178294
2812.916877
4914.107842
5289.109547
86.258750
2377.407531
1249.371223
4234.365032
3878.013157
3082.152271
5161.478998
4749.157247
3881.837921
3278.900665
5086.538416
4473.311499
3190.881699
2329.399818
5461.823528
4136.153479
3492.146172
2113.226792
4235.962094
4250.043504
3782.744841
3352.194956
5245.249108
3455.768703
4457.648124
3176.066644
5124.214291
4905.913215
3464.389360
3148.113755
1488.906252
3223.724232
4036.401450
2847.042037
5285.289806
112.622640
3781.643991
2851.575322
823.580862
5125.423066
4086.688594
3823.045544
294.255015
2542.068769
1316.772487
4058.173224
5250.383952
4629.372735
4297.111543
775.328817
2016.739115
4409.868670
4161.534208
3883.443376
4869.375494
2335.460307
3891.096367
3271.815744
5019.611453
2860.292995
4064.245602
3755.006851
1658.218323
2701.408509
3611.499771
3748.614371
3514.848858
2662.139257
4203.472623
3685.189282
3927.966680
3045.030453
4152.384547
2969.342207
4492.216607
3527.785813
3925.079792
3662.907294
3795.707817
3253.208867
4422.393949
3868.901237
2948.550377
1123.100899
4499.919407
4352.700963
3428.976826
2973.167757
4834.721169
4063.367519
3745.275046
1645.960799
2097.842829
3772.094990
3562.356644
5295.043130
3391.894379
4522.018201
4036.648741
3579.687207
4460.090616
4085.328980
2945.066758
3811.311848
4502.443378
3903.841366
3257.018957
2986.345886
4645.226484
2519.324054
4130.855705
4765.616942
4277.492262
3801.050211
4077.979899
2753.533234
4244.065907
3731.653251
3883.310661
1708.635184
2841.461550
3597.617996
3395.130205
4375.656361
923.020703
2344.824821
4334.640896
5142.236669
311.870445
3124.557312
5031.343910
4062.633557
3658.998677
3924.805406
4644.570056
4643.474996
3952.428394
2503.948689
3101.248881
385.341524
0.000000
3701.646924
4518.851059
3965.254642
4065.891766
3757.887728
4069.602946
4806.971855
3481.011507
3691.579220
4507.823885
4946.576074
4115.523177
3106.306394
4768.094418
3982.656725
3653.161923
3044.072923
4790.262221
4866.427188
1648.486658
1465.295806
4605.950731
4415.383468
3500.793582
3412.422488
4690.961097
4682.836572
3735.987218
3120.834528
3034.817561
3980.633771
3841.114479
2860.810638
4713.900788
3635.506476
818.954608
2312.831164
4507.016770
2804.488621
1867.327893
1116.047523
3013.363139
750.234891
2704.052270
3729.270303
4173.629566
449.584498
3396.348590
3143.377746
4067.217948
2280.598122
3779.152168
2671.561161
3307.881317
3763.753026
3788.733987
3181.681562
4776.748069
2046.451668
2673.150803
3124.460368
4358.574906
3780.947069
793.430515
3294.905866
3146.877502
743.801648
2097.966985
3342.846013
4999.396304
4556.997010
4004.293385
3247.552689
5081.107590
4819.887400
3782.176620
3262.043370
977.073419
3776.132153
4013.263291
3048.822260
4073.241267
4725.152002
1796.922276
1321.973771
5049.297248
4655.782789
3887.328489
3470.718282
4816.120181
5085.844159
3851.921782
3205.322288
5225.527213
4615.223346
3698.814019
3582.821352
4745.897577
3227.983445
2737.998743
3757.320552
4859.139681
4743.138926
4063.358453
3566.093193
2526.440692
4009.931613
4221.190770
3698.783791
4931.739928
4604.718514
4224.366341
2819.107974
531.372038
4541.221510
4557.447200
2732.449367
5039.037979
1169.732522
2549.738374
3736.066756
4493.135687
3751.537105
3973.366175
3874.253164
4822.868404
4214.782865
3888.616396
3670.104522
4702.347324
3731.752564
85.706849
3206.839255
5450.802460
4803.873760
1680.185905
2025.148156
4665.059080
1809.427864
2021.161518
3909.055688
4888.813061
4509.082959
3941.053579
4014.266217
4796.191185
4449.402075
4133.072939
3735.445936
5466.197053
4683.405840
4434.971564
3450.305382
5293.675222
4400.927584
4119.303947
492.438977
3491.796234
844.543675
3019.293047
3860.447960
5339.789769
4649.965735
4228.048273
3573.634030
4846.730167
1145.527280
2724.239886
3910.982568
2317.170004
2211.091475
3101.288056
3955.797965
4557.856915
5169.971328
4572.491768
3639.934253
4162.365080
4771.274439
4286.127179
4031.518208
4956.553407
4387.930693
4541.439411
3315.083343
4973.959577
4693.376051
4530.167206
3947.942520
4726.251349
4749.469335
4254.117054
3729.802524
4853.888524
4040.866947
4038.057306
3887.487572
4858.785586
3117.148903
4479.713376
3861.990311
4786.433391
5100.975128
3304.850913
3974.545843
4866.006110
4367.981145
4337.142209
3690.204652
4628.922197
4594.893902
3859.267744
770.998861
3814.838577
4718.136194
3851.710836
3907.315335
4494.139042
4760.766066
4092.155386
3367.918310
726.974784
4868.704966
3955.714951
4102.585610
4344.595689
4869.047424
4149.739605
4447.666334
4825.658907
5174.118475
4187.986797
3264.743416
5248.575435
4957.098195
4348.560300
3405.849275
1338.833752
3519.806251
4294.428510
1325.565246
3200.994035
5085.750693
1510.625008
2356.567692
4901.239627
5070.390073
4222.154835
3391.425355
5304.311927
2192.573189
1925.958024
4196.965027
5027.599282
3364.808745
925.029804
3882.078425
5052.608271
4862.648902
4333.509352
4053.538076
5006.446608
1913.831516
2252.344578
3931.140752
4766.196115
2983.532289
3096.222404
3225.815608
5133.689808
4580.792726
4379.412489
3957.963109
5050.305819
3792.000985
3018.840180
447.272070
5006.563225
3475.030628
4264.748465
2891.086904
4732.772483
735.998304
3301.729778
3526.336945
5036.551774
3908.991709
3961.225653
3968.695242
4861.104846
2311.583320
4280.923371
4328.436990
4526.402440
4452.318350
367.153934
3500.169933
5099.881299
4644.896285
4400.110073
3742.648764
1401.524258
3557.546807
596.538385
2578.911115
3965.318189
4863.743603
4720.292716
4223.389211
3384.530521
975.644276
3391.438643
4055.130885
4829.379903
4777.762520
815.614487
957.095534
1952.587438
4804.730757
4441.949580
4466.184115
4374.052258
5005.435827
4300.149110
3996.170980
4529.489479
3389.545164
4406.141387
3676.097230
3690.056631
514.103536
4478.084883
4189.857997
4933.344447
5061.971290
4517.878602
4626.851133
4700.612021
4998.538180
4509.818521
4034.458234
5029.961453
4880.500403
4165.085167
3942.293990
4890.614023
5151.835690
4366.724834
4194.518068
4030.593980
2428.685589
1666.481996
3928.284557
4940.378139
5557.529661
4286.541895
4106.929039
2435.778849
1999.643918
4406.622069
4607.410833
4535.368259
4835.542483
4497.233279
3946.185728
4726.638820
4884.379624
4402.470696
4085.504420
4436.956785
5026.063473
3910.193458
4031.990901
4735.146050
3490.513090
4547.627912
4197.541149
4695.941898
5475.601059
4921.026416
4294.822005
4459.231875
4747.328908
4496.359131
4341.641344
4400.986761
5084.983469
4851.483178
4510.480270
4610.299747
4954.585527
4821.793281
4587.013734
4592.377557
5062.971517
3937.098967
4044.953053
4582.044485
5039.769615
3637.872361
3291.141270
788.163839
4761.973588
4556.449762
4211.193852
4824.844296
4976.274752
4555.960810
4293.788820
4396.252030
5331.949700
4699.684105
4132.619374
4512.553466
5493.413794
4258.413311
4046.588561
3813.145692
4167.017865
4290.657348
4585.778978
4731.769818
5050.341962
4458.189257
4282.487912
5044.051731
126.832206
4377.041214
4222.985055
4541.651117
5489.874198
3366.330991
623.085946
5074.346589
4450.827226
4566.057702
4068.337456
4840.363834
3739.818465
4488.784667
3911.381263
4130.175697
3481.115082
4555.849779
3778.984311
4570.979178
4502.323114
4161.514387
3261.293064
4496.558247
4549.469841
4251.060122
3817.422030
4522.155851
4842.967956
4428.213082
4028.389069
3961.417118
4660.369300
4293.516196
3948.560697
5140.326256
4730.830577
4019.457904
3905.703777
4479.536096
5159.252069
696.199946
2925.981600
4613.392923
5020.805490
90.918431
3600.932366
4760.498730
5328.564835
4366.484949
3723.637608
4624.301662
5010.211342
4283.539857
3848.684091
4861.528977
4825.861759
4348.583137
515.263530
4115.893239
5009.771723
4021.924502
3769.240356
4770.653238
3906.124112
4414.331908
3706.914109
4239.491816
5334.589486
4292.493153
3481.883169
840.946554
4425.965608
4473.136761
4360.798413
4700.491024
4904.046960
4187.400503
3651.448879
4805.291873
3487.759201
3804.884343
3803.114346
4905.591012
5044.345524
4104.448496
2593.760729
5329.605373
4924.690328
4415.344679
3026.349273
4839.969898
5351.877436
4161.784137
3690.045003
4810.085752
5160.090791
4157.668068
4153.317444
4757.256646
4961.370327
1197.504669
2824.195552
3704.969300
4976.163596
4704.401116
3503.999379
3280.239771
5225.277490
4057.710022
3627.035452
4405.827295
5260.495611
4631.304954
3408.828273
4524.926573
2517.436764
1897.186433
3763.837661
4223.735373
4634.621632
4261.853754
3692.492759
4347.533219
5248.697848
3962.817049
4276.279316
4906.199955
1884.698210
2502.632813
3661.663496
4523.888980
4903.904717
597.920705
3380.468757
4435.863647
5024.053647
4180.967072
3450.540847
4987.783332
5050.395998
4497.853184
3416.682903
4943.250840
3892.797425
296.263345
556.258727
3735.002623
5102.387998
3916.410325
3634.589962
3945.489333
3743.284721
360.376549
3398.447433
4711.189107
2439.290482
1516.133425
3787.991398
4590.734740
3239.620352
4042.415266
3210.580661
4163.085669
5318.573309
750.682480
2570.743163
3838.954914
4944.641085
3851.837455
3824.598730
4725.182122
5155.931256
4114.616746
3475.372899
80.707128
4765.273669
4189.726143
3647.829417
2187.019689
1590.555874
4174.834145
3984.202482
104.681615
3687.422890
4395.398507
3794.125417
4202.080796
5026.138559
4935.014128
4101.228195
4409.909292
5031.605832
72.974371
4036.236746
4016.366320
4149.164963
5011.154136
3990.619756
3080.816129
4879.705966
4495.065231
4407.140589
4053.800085
5305.311540
4321.896315
4031.976943
4316.333572
3430.385975
3947.867198
4432.352137
4744.797826
5155.499416
4307.994177
4273.039166
3768.719195
5050.933874
4126.791942
2107.478103
1501.215272
2928.603663
1119.892785
4047.585144
4478.256346
4894.464822
4879.729689
3861.705044
4672.237475
4778.465730
4765.738710
3832.013339
3831.585110
5068.489585
4302.326645
3594.532142
4688.250281
4503.443468
4091.655632
4330.881971
4627.741330
4981.964042
2776.055566
931.826908
4628.617116
4894.750368
4501.564255
4146.249609
4975.926672
4936.734888
3917.175698
3717.857015
4861.776960
4709.697029
3950.310535
3543.603270
3923.342367
5057.587072
4240.050790
4066.393320
4906.797721
5487.805682
4179.021286
3695.174826
4931.359644
5070.103317
4594.369748
3653.291525
3929.951629
4958.955483
3825.477603
3680.171399
5284.034201
4739.187526
4087.195127
3203.273086
4256.865573
4805.088437
4084.352262
3616.769998
723.825877
3617.722283
4389.471909
3930.070975
5057.802149
4790.326324
4596.457840
941.997933
3435.099918
4387.278478
4560.446515
3908.527935
4593.638562
4620.092959
4230.073502
3911.025878
4598.067906
4405.295407
3995.511464
828.444230
3131.680462
4309.017762
4202.016713
4000.945920
5093.135853
4004.770938
3628.110622
4010.233515
4709.601889
4150.556680
4330.303984
3930.392957
4369.390539
2679.914557
1568.144238
3662.937418
5026.864886
4576.911541
4349.954247
4062.675047
4725.709775
3949.235189
4355.838004
3589.901899
4537.774785
471.939678
3803.264933
3952.461126
3840.345321
4127.316433
3882.544162
3703.937825
4050.127561
3914.362167
3739.688237
3723.974057
4542.231744
4169.161932
3506.499730
3672.884169
3984.136574
4139.274559
4186.581790
3752.312218
3932.533298
4192.055619
3964.977480
3679.294026
4057.568542
4238.943839
3471.607918
3649.756048
3960.679944
3865.169311
4168.424873
3319.007788
4315.800528
4226.737738
3894.435971
3655.228201
4230.648087
3696.737271
3427.080477
3354.695854
4125.085564
209.326769
3561.761542
3450.062117
3900.229930
3719.462656
3446.420457
3406.471498
3866.433775
3085.645934
483.641043
3633.790899
3953.045461
4405.020735
3414.329693
3902.116090
3676.190544
3419.234336
154.643206
3459.499510
3857.941659
3806.387364
3720.332302
3650.919336
3561.858485
4121.420561
1322.814641
2021.887004
222.186934
3934.629345
4405.378333
3938.500110
3292.278831
4328.857928
4124.357738
4306.281851
3873.305418
4558.004266
811.675894
3445.217962
4374.565002
3997.630603
32.295731
3847.596117
3913.037282
4201.992946
4491.740163
4011.458537
3764.169972
2848.858423
902.166845
4334.709117
2874.406766
4147.116459
3783.658586
4208.656514
2654.528157
4303.342227
1094.221874
3196.453893
3524.123152
4198.481439
3951.363123
4564.703504
3935.516937
2637.570379
1396.537224
4509.779056
4122.304161
4458.481460
3684.608005
3800.384376
3864.065828
4415.295032
4119.420768
3908.863274
1874.182671
2090.919101
4156.921504
3802.482301
3893.931753
4480.820410
4020.157725
4075.418139
3837.926207
4554.098932
4790.651187
4679.094100
3393.153674
4457.355507
4311.722521
4005.667798
4105.684613
4530.343733
4473.021615
4159.401701
4055.113194
4625.513284
4445.725578
4174.498763
3805.905698
4623.589715
3830.081412
316.904951
4062.659516
4895.065321
4664.053658
4231.165584
3427.117383
1327.029218
3478.578411
4315.004006
3319.786232
5005.394576
4923.578023
4777.052889
4069.581241
301.258407
4542.117489
2354.662152
1429.525574
5108.528431
4220.088652
4253.584159
3808.049756
4082.899216
1849.768197
569.975311
1633.883084
5110.788550
4463.062182
4432.065778
4008.186749
106.599078
4702.477088
1802.802208
302.951355
1796.839568
2085.472978
1925.913506
4188.245300
4672.237877
4573.641347
4677.551521
102.875819
4379.684916
4774.686211
4719.181764
3772.773222
4522.379001
4766.658668
4179.127095
3677.616615
1513.165914
2513.769096
3684.150330
3614.218420
4371.547603
3837.488512
3744.632796
3557.720544
497.481051
1565.148681
1702.938581
3704.178433
4338.399187
2358.889065
1153.010405
3606.581829
4083.584091
3960.425519
4142.587614
3555.114041
1796.649388
2007.311445
3809.912439
3468.145235
3919.158195
4382.426281
280.609879
3245.642048
4445.854560
3666.240509
4363.318370
3304.145288
3752.895656
3925.978790
399.260426
2666.071157
4240.761215
1708.504311
1966.616223
3356.464733
4101.391279
3931.562744
2406.448430
847.719669
4300.903583
3974.093468
2139.565545
1370.655429
4170.756523
3993.539781
3463.439576
3148.488214
1773.007627
2142.366411
3799.972007
3505.916925
4196.080531
3996.249576
2981.293476
619.724775
4199.209714
1003.292234
2376.577385
3625.117316
4292.424882
4031.707376
3779.703054
3600.303793
4173.875880
4305.608817
3675.235218
3651.929737
4382.794272
994.777063
2603.200510
2000.875718
1549.907315
3802.889649
3536.771277
2510.332634
228.703640
1287.643482
3265.075275
2760.133812
644.578549
4040.971214
3368.055719
4560.172942
4847.388340
4118.493128
2999.207772
228.922262
4565.206162
3879.221440
3328.361248
4232.872455
676.432412
3644.365667
4358.035879
3675.680571
4599.898454
1153.005525
2719.610249
2536.126822
1477.150694
4460.365849
3611.246046
4096.399027
4329.476950
4279.354672
3650.292516
4419.600692
4295.239291
4258.412212
3967.676882
4189.246686
4755.430949
4171.630939
4045.129476
4155.071326
4576.133875
3383.543896
307.713864
4065.366529
4509.762815
4093.811013
3453.004601
234.255386
4159.085168
4010.872227
4134.071482
4170.130387
4546.188593
4090.782542
3984.178006
2275.865905
128.087263
1409.118150
4143.248178
4602.605888
4436.417938
4199.764870
3960.454765
4355.309872
635.255956
329.422080
2805.248325
4078.232784
3317.833253
3954.496812
3881.586114
4153.708259
4314.879701
4022.428016
3970.989326
4048.378766
4314.899584
4213.460432
3825.982791
4465.890503
2682.106627
1284.497734
3545.384629
4476.551671
4266.518950
4323.661915
3829.110849
4289.651994
4241.930705
4314.603607
4249.107204
4347.397495
4621.648870
4588.843278
3858.823196
4720.565381
2318.087712
1660.226214
4264.249889
4729.763699
4348.004687
4962.447099
4138.034209
4779.018265
5054.111223
4514.679259
4020.295995
4839.838042
4248.869664
4839.951244
4235.646612
4444.256328
5245.170695
4612.829780
4628.266640
647.906267
4294.440749
5116.887503
28.885477
4758.509892
5324.412666
4762.334510
4270.114591
4689.083750
4914.312681
4722.563370
4148.616153
3891.595277
4807.650686
4537.549171
290.570697
3828.607860
4811.240697
4620.512831
4288.172969
4640.688150
4979.543286
4718.313595
4139.284713
4666.802364
4984.154665
3040.091494
1070.460206
4950.162400
5073.071403
4651.023052
1649.793753
2868.912150
5135.867572
4752.494358
4261.480173
4987.771389
5031.662299
4493.460707
4037.879913
4181.451519
5020.772288
4606.715477
4123.500849
4444.853338
3717.210841
791.864675
4096.145479
4932.177795
5536.255604
4755.623943
4109.834802
4985.296837
5181.736131
2939.089149
1246.855153
4991.787614
4994.648414
4509.079586
4455.306031
4969.525200
4857.379891
4618.180095
4169.048023
5233.278717
5224.116312
4716.522275
4448.841350
5256.112579
2318.585483
1978.193365
4942.272519
668.681454
857.621881
3119.134997
4284.144933
5146.721075
4969.580102
4175.758535
57.982788
4996.985570
5328.054874
4962.028241
4166.522835
4973.455658
5290.162227
3924.536622
169.525239
4915.471607
4649.438638
4939.780447
4229.477718
5056.855061
5156.863465
4822.628573
4851.685602
4883.131947
5148.437668
4726.433670
4232.025779
4438.232242
5057.919752
4840.174963
4574.771331
2990.394894
1877.846275
4667.699907
4685.935358
4961.945548
4865.599000
4538.447628
4081.444998
5145.479121
5014.931306
4442.425236
3921.077534
5242.983623
4844.985037
4309.344079
3649.447106
5073.608197
4682.956998
411.999986
3536.188490
4010.925976
4738.035364
4336.008769
3826.701919
3484.614322
1192.082536
4089.726485
3587.974059
4897.298370
4752.970449
3705.107786
4002.587907
5058.807821
4344.877074
3457.928961
4325.482040
5345.332622
4890.602364
4446.902875
4026.008449
5025.737611
4875.327093
4178.459284
4153.758677
4918.669122
5118.199082
3714.609582
181.389240
4937.532760
4385.423884
4296.681637
3952.110650
3710.876654
578.574920
4279.616540
3931.055775
4734.324177
5498.786362
4059.528951
3977.740138
5458.411697
4938.642208
3519.984954
543.639588
5499.305689
5019.948097
4490.949640
3910.425404
5373.017244
4949.785603
4560.946798
4580.838088
5229.031428
5477.533765
4341.937862
4413.052325
5227.561171
4986.063903
4108.892028
3706.636945
5261.759540
4119.867138
4137.630674
3904.700868
5355.141789
5442.071697
1846.511892
2518.953673
5195.215493
5044.101108
2631.742803
1197.842882
5373.343110
2890.978138
1409.044354
4215.529412
1420.134385
3218.596257
4544.007560
4312.450238
4964.176324
5151.893706
4365.925103
4053.930402
5690.734269
4604.806858
4518.720823
2822.807712
1216.199187
2474.864039
1352.328785
3980.034704
4888.044358
5053.955235
4178.722229
4309.678798
4088.235276
3335.350568
1306.235888
4215.478060
4772.100693
5127.368959
4164.767247
4451.972989
4649.082962
5206.226580
4610.130070
4296.257840
5102.993864
4723.011133
4674.145923
4294.540188
5110.439466
4706.828253
4650.588064
4919.188462
4850.779630
5321.237714
4746.774676
4262.625818
4853.934367
5195.619079
597.455582
3967.642161
4729.160547
5161.226658
4856.377011
4772.923197
4500.843417
2874.356583
1180.471947
4398.229148
4753.076188
5382.919794
4495.778089
4195.312326
4097.998181
4442.740862
4765.493084
4424.317791
2867.245844
1394.822337
5249.721516
5009.923715
4528.697864
5195.128869
4746.178843
4401.965103
2487.774131
2390.837886
4664.525789
4654.691395
4322.762575
5242.913579
3626.755004
836.212630
4560.528959
5136.362017
4595.747978
4280.099653
3625.116977
729.345297
4305.045955
4244.121992
4891.176613
5490.582784
4496.891401
4282.804559
4665.025437
5177.998313
4761.765554
4499.658239
5320.336627
5282.943358
4882.757105
4233.123785
4770.363192
5215.686016
5149.015191
4314.342154
4368.321579
4028.850479
394.862573
4875.033783
3933.050185
5071.783335
4709.924658
4418.833760
4991.553067
5113.638690
4821.390099
620.006769
4043.486838
4431.249791
4683.432714
4436.519601
4916.372535
5589.064983
2357.339025
1886.128069
5399.573039
4916.990532
5109.545563
4198.505677
4846.200904
5027.391828
2449.694781
1622.685649
4058.750989
5110.901814
4786.982192
4386.909030
4800.265569
4625.956019
4779.382643
4332.850485
4111.664054
3913.516088
406.118211
4238.459129
4990.023107
5502.088535
4659.765369
4185.464967
4729.478990
5260.987971
4197.943759
4391.357219
5167.118023
4569.771405
4660.853720
3444.538806
937.841234
4867.679186
4028.258351
150.192018
5401.052280
1069.163369
3286.301414
4719.936926
4944.864861
5197.540221
4769.000722
4297.827051
4968.406853
5079.698893
4913.390209
4300.368546
5021.766271
5226.830332
3985.441226
141.619859
4600.141503
5393.626947
4582.281481
4076.631946
5270.619744
5279.419095
4599.712207
4070.405626
4989.586647
5090.381836
2481.351726
1679.766363
5028.296533
5511.417456
4319.155734
4295.292318
5258.265104
4758.054525
4780.213389
4353.513646
5184.492426
5720.265392
4635.766578
4302.812620
5317.475023
4987.433773
4651.610136
4593.221365
4284.063499
5397.470533
905.310849
3259.926650
4900.437929
5190.387283
4579.454841
4130.267058
4133.735218
5030.709015
4548.178852
3940.692029
4882.831546
5492.757819
4625.440299
4148.316999
3978.261828
5009.534789
4573.353805
4792.036741
193.979775
4537.280584
4461.693328
4190.084700
4874.125569
5316.448774
4536.896434
1102.357639
2792.097822
5521.362213
4609.570280
4082.210482
4790.773500
5154.770708
4916.655616
4469.937180
5199.530678
2015.877305
2535.165768
4503.653915
1832.238033
2484.434267
4114.968747
4189.592324
5005.942918
5049.868829
4863.453805
4202.924829
4789.900055
4881.284880
4642.180176
4184.109246
4760.382508
4969.454527
4629.048091
4063.399639
4875.998281
4999.690584
4540.040237
4510.141010
4122.232594
5220.193400
4477.594199
4776.249298
2826.063044
2066.838996
4713.459292
4253.924557
5025.746430
5174.045813
757.967609
3207.252722
4810.414612
5369.434044
4204.707441
4434.178533
4161.452099
5273.476053
4680.332428
4289.849629
4670.451445
4308.594340
4727.413908
1146.262114
3259.824518
5204.678023
5039.727917
4442.482907
4328.404646
5415.294942
4633.846434
3998.347546
4355.350254
5365.770839
4705.611701
4030.914368
4441.125587
5303.547724
5392.258684
4042.405238
4531.658627
1774.675407
2979.199862
1972.873728
2827.914737
5066.111215
5382.983527
4353.195341
4583.841275
4996.398966
4679.043276
4187.688332
4968.681818
4962.048789
5211.325853
4246.845138
4965.096622
5193.266357
5173.552934
4059.522396
4819.117938
5093.382322
4850.427663
4558.590366
4257.944014
5117.648410
5000.033616
4883.553175
5126.685668
5006.786291
4285.939679
4240.247488
4405.303523
4926.134710
4784.705459
4478.459166
4000.333653
4910.457232
4289.238573
4878.710950
2808.765503
1102.129570
4533.394159
4251.001884
3605.300203
4164.825695
4601.511960
4418.544485
4379.746052
4854.710430
4984.796667
4203.235219
4446.696747
4944.635854
4645.842151
4018.134144
4060.885144
4948.071311
4857.693864
4524.451034
3886.855735
4894.425681
3939.900736
4379.536596
3287.023128
322.713032
4863.829021
3470.058873
409.086734
4960.913751
4763.080076
4307.148250
4193.438520
5162.128891
4754.200805
4308.965840
4028.153701
4882.974045
5062.304666
125.432786
4277.042777
5057.458874
4526.140509
4330.719786
4567.971618
5116.441176
4598.944958
4290.262175
4515.442163
5081.832566
5146.670211
4202.399427
1589.768715
3086.848574
5261.153959
4236.660189
4284.829926
4943.079721
4854.403254
4184.349233
4854.184374
2074.791437
2452.317192
4113.517472
4605.410173
4839.126750
4816.800470
4177.115800
4747.486594
5458.769434
4729.250979
4278.535516
4536.155523
4288.587326
49.024016
4222.075873
1446.888323
3230.252636
4823.727340
4676.248573
4190.270451
5064.690469
5154.672366
4184.105206
4773.515856
4811.790715
4815.961932
4141.773220
4814.095983
5044.347673
4550.748046
4141.569441
14.731012
4834.145817
2703.484990
1383.673724
4953.833189
4604.640066
4591.279418
4341.136584
4643.057571
5201.584020
4621.619444
3748.072935
706.488856
5157.848095
4782.533854
4543.778018
4643.330197
5168.140326
5153.163290
4310.066646
4751.418411
5443.810374
4759.864387
4060.289880
4908.754419
5161.995782
5124.035585
4885.820439
5095.896662
5243.793032
4437.219007
4157.233968
4806.543185
4978.502176
4856.857176
4328.498141
4691.278309
5397.771936
4770.243055
4306.815900
4375.334986
5185.183105
1417.360158
478.681606
2934.047397
5490.606675
4824.485793
1576.594641
2991.022361
4294.391139
4786.453237
4949.890497
4983.398862
5333.633031
4711.411676
4221.475629
4945.364955
4676.073297
4600.873871
4674.435549
4794.348967
2134.644693
2241.966029
4502.925941
4749.188509
5343.126966
4676.774754
2901.917245
1312.345227
5190.037890
4808.550027
2236.140713
1892.193745
5703.428940
4234.072628
4057.520998
4963.288831
4265.459442
4472.462113
4187.092522
4982.522892
4533.196408
4784.830589
3862.240355
4749.570381
5214.987553
3825.974932
3810.296450
4888.074705
5142.444949
4182.352607
3535.546157
4886.258898
5250.342624
4416.243944
3798.640283
4814.506475
4170.715548
4150.350261
4154.625703
5040.302040
4576.042321
4253.902959
3496.936560
1085.007580
3296.122299
4041.854560
3625.324629
4906.493556
5293.694430
4163.676562
3547.142278
4493.657916
4736.377432
4463.648178
3689.955026
4785.457069
5450.012775
4151.689757
4042.453804
4964.947033
5245.204526
4208.221874
104.541773
3967.869953
763.830488
3555.197389
3845.940818
606.589843
4343.608523
3988.918935
3737.007797
4583.216343
128.858674
4165.646816
3773.008290
4341.828879
5085.160937
4033.689180
4184.663142
3968.950173
5051.507222
4612.890351
4114.368754
4510.449382
4999.013451
4746.430213
4749.516609
4153.493565
3790.999150
4730.195644
3796.979251
4870.793750
5084.748783
4733.768904
4225.374155
4699.237405
5319.761710
4663.598735
3759.198299
4753.739452
4950.038596
4362.172703
4120.864096
4690.153669
4723.497219
4443.603298
4018.129125
4481.117938
5369.470391
4623.874287
5.541629
4290.507415
4988.260701
4774.376154
4440.017912
4450.083692
5246.204360
4651.329735
4499.516011
4286.066597
2103.673452
2132.001027
4408.873795
5147.425750
992.780395
3716.026685
4460.574007
3663.983081
1079.949458
3558.810482
4295.807235
4486.444532
5169.906225
2831.654556
1416.731178
4450.442555
5088.495754
4983.894802
4099.884140
1392.799828
3691.318676
4732.143630
4902.451451
4548.267210
5000.349072
4943.841918
3927.544261
4531.362209
4286.396982
4694.735907
4359.703707
4257.253300
5126.883298
4984.742335
3993.258644
4358.906989
4997.710513
4441.967958
4312.905564
4061.026937
5061.694008
1685.634746
2774.782983
4297.202185
5168.870956
4937.467002
3913.016926
4259.462134
5441.356636
5126.416465
4078.334103
4106.553253
5126.000803
5226.117702
4283.961062
4342.153486
5253.252294
4674.537542
4302.094104
4234.392395
5190.305213
4777.847740
4204.134837
4330.476368
5214.870408
4846.930443
4523.818734
4592.661509
5247.865323
5244.748207
2673.392636
1522.645817
4961.337854
5164.348070
4372.314108
4372.743000
5081.553963
4813.304912
4268.179452
4187.708435
5276.850255
4616.955066
4887.605402
3781.932790
118.157835
2651.777778
1646.997123
4498.854516
5447.647838
5147.989716
4209.786474
4559.793644
5697.298414
4690.122657
4330.364514
4651.792431
5155.551321
4985.714599
4493.662677
5254.907512
4503.035328
4564.817327
4113.854719
5258.946093
4902.915921
4641.183135
4433.080684
4945.337871
5113.379255
4383.075294
4169.940812
4816.982111
5060.519008
1653.256076
2409.833414
4585.316368
1685.744552
3139.041961
4219.171755
4548.535167
4877.713325
4326.699203
4135.029001
4513.847127
4737.260005
4873.463795
4813.786098
4542.277523
5163.226825
4591.920744
4316.748125
4862.931973
4325.073312
4583.793176
4279.523316
4860.196147
5138.738805
4729.583496
4308.781704
4266.899747
4407.994230
4712.296229
4363.254143
3700.941084
3655.914862
304.289226
4160.765197
4529.129388
4619.973145
4501.693966
4178.486187
3750.647068
111.124126
4500.028482
4126.823772
1999.358477
2465.684517
4900.520010
4193.398437
3703.130235
5005.695100
4143.645456
4011.812257
3768.650232
4585.647993
4682.090002
4550.742525
501.673658
4517.827868
4488.204327
4237.048233
2553.351079
1417.418976
4660.817777
4300.626070
3964.332473
5070.731794
4676.780726
3964.786703
4284.977477
4505.410740
2830.577866
921.990169
4452.965245
4920.822906
4747.564948
4753.417096
4410.793130
4804.999687
5002.369117
4340.613659
4169.150855
4197.181344
4648.886987
4064.587961
4277.885168
4992.804698
4769.917051
453.159836
3930.671188
4213.444862
4553.266740
4135.992977
4152.724360
5084.868888
4971.675840
4264.214793
4346.350834
4337.332624
4594.533545
4491.639245
4194.160733
3897.514868
218.838918
4090.569206
3799.222513
4616.839717
4689.467902
4438.438310
4106.511350
4608.789835
4578.107461
4261.764939
4141.812350
4636.465682
3943.624175
3947.562832
3928.131811
4613.990660
4404.722188
2033.838816
1750.824994
4656.939363
4447.727610
3929.109118
3581.027378
382.653122
2604.502684
1207.625662
3885.430035
4126.453754
4448.176623
3638.230201
4342.949699
4856.185324
448.420741
3577.840123
4137.454315
4689.175017
4452.560856
3848.353738
4308.460929
4873.295850
4659.896652
3986.917544
4346.583494
4956.271629
4233.250885
3994.713967
4458.025613
5310.237201
5010.066602
3769.569913
2754.151143
1975.821889
4554.935772
3772.141349
4320.117070
4977.272665
4382.816996
1676.625949
2791.317153
5225.436104
4657.889596
4124.751750
4424.321798
4972.759855
4991.700670
4331.827590
4576.857654
5044.015692
4060.978129
3235.786588
1052.393726
5069.355176
4283.784469
3832.262381
4685.776005
5061.985249
4467.219239
3722.000352
4751.794185
5269.963778
3886.770853
3931.973841
5092.607972
4350.473169
4450.447257
3861.712841
4614.353757
4778.178932
4717.432537
3814.749629
412.171340
3024.709871
1358.210842
3933.312917
272.465561
5247.441455
1807.186534
2058.859828
5165.343658
4317.591055
3025.498851
1281.270921
3992.162466
5288.860029
4211.824125
3779.510721
4621.453245
4769.131176
4188.433496
3364.275776
969.702283
5141.077714
4382.419679
3906.219862
4545.173672
1034.001533
3105.308852
3477.734926
4847.235917
5199.837885
4801.286597
3596.180802
4805.801687
5206.602166
4929.883994
4029.098581
4599.750950
5293.530866
1937.825042
2003.794281
5016.721763
5310.675367
4150.939345
4208.867573
4686.430734
3928.476947
578.837473
3691.796545
4959.324749
4287.012536
5027.324587
3610.185250
5160.525989
5427.369287
4316.148287
3623.205216
4979.904166
5017.533198
3980.494207
3577.902996
4502.506845
5481.617044
3671.608997
3266.305419
5281.724135
5263.603387
4315.082124
3463.504665
5157.513935
5226.707668
4239.615230
3716.247147
5001.514733
4147.020367
1659.622997
2174.598645
4841.183975
5174.620795
3995.304288
3102.834889
4134.595544
4710.214548
3701.521366
3288.995404
4926.657698
5100.525235
4088.161960
3496.192764
4987.943250
4748.822895
4356.823138
2801.998736
4901.560269
5357.821389
1547.285044
1934.514718
4737.411130
4969.597933
3517.284835
2994.320427
4570.840778
5009.311456
3738.288030
3253.509998
732.624216
4873.649523
3960.152188
3158.939569
620.681967
8.883933
3352.230959
3751.806787
244.839455
5175.504290
4141.219065
4111.866323
4167.935666
4841.492184
3892.364244
3590.931491
4452.030311
298.565359
3113.567271
3321.523749
3485.246992
5045.426739
3831.984286
4142.826729
3726.567023
4841.716443
3665.967849
3377.680062
4056.797718
2311.271331
1470.066768
2715.088239
4485.067173
4504.202352
3243.940131
3373.025673
4553.116625
3586.778305
143.008783
1548.118420
927.470559
592.059213
2552.515985
2711.152957
513.956723
4275.754021
1970.670049
1009.399963
1440.513722
3908.384261
3376.940071
582.770874
3192.434372
4260.224025
1023.150501
845.786950
546.171305
4014.556881
614.840832
895.891515
1876.167260
4083.797194
2668.497481
1902.737201
4290.288895
4478.360593
2377.440126
424.517380
3804.681917
4086.572778
2959.082401
2452.489012
4417.224228
3518.417491
3002.335019
2646.104162
4388.815658
4644.051347
3330.440499
3569.605757
4812.798859
4173.892193
3333.501200
3340.851226
4786.771644
4560.265985
3478.719698
1365.690560
3006.301528
4623.225641
3945.928969
3427.697261
4178.399652
4677.817604
3206.996730
499.151774
4110.137655
4802.907661
3391.409680
3128.494428
4358.208927
4629.698254
3389.961762
2921.040101
4010.114749
110.551008
3259.106434
2838.034378
4657.848702
4497.873391
3553.834468
3512.848956
4409.644626
4067.806540
3568.796937
3078.033906
4658.808571
4813.286523
3846.245174
3200.133314
3671.087403
4844.048740
980.273539
2461.264111
4489.810952
5070.354233
3820.919903
3941.959580
4811.459126
4526.873144
3665.579678
3573.337325
3450.256262
939.836451
3817.094839
4068.137747
5053.665025
4307.297499
4263.668509
3383.345095
5332.512972
437.736987
3969.110902
3091.434925
5407.682710
4869.518596
3808.881454
3710.834806
4906.206945
4642.080471
4024.277360
3688.060028
5253.219264
3617.990216
3814.690868
3781.779092
5841.725117
4635.497715
3891.260975
3020.170544
5234.883848
3900.604641
3552.519903
3668.553504
195.854969
4746.369368
4150.857067
3748.072740
5360.636425
4764.158275
3908.149505
3040.375781
5395.289960
800.398349
3015.667085
3699.248464
5213.593669
5078.249529
3976.575116
3034.130392
5007.804084
5125.140694
3615.380178
4148.648546
5154.121701
4882.551646
4129.010082
3221.610664
4519.155937
4866.431646
3794.763682
3965.735889
5020.595957
4958.836385
3989.637957
3953.152730
4194.824249
4769.754022
4160.923948
4013.416044
5295.694379
1329.583717
2673.184949
3533.055480
4618.151786
4898.442016
3878.189582
3454.252834
5311.180429
4067.213299
3691.717667
4155.008368
5231.523283
4749.147956
3889.911185
3645.111677
5331.020895
4680.389194
3769.259208
3205.462394
5078.926469
4283.148764
4215.506362
3717.612992
4548.177644
4873.344497
3891.507460
3581.674716
4374.253563
4608.895413
649.557313
2629.600858
5084.277196
4951.040698
621.949458
3671.327112
5157.658397
4182.252631
4197.265045
3379.960040
5492.096636
5117.565153
4082.449004
3470.120462
5033.689855
3734.484253
591.062342
3847.692360
4970.345321
3278.454321
1023.194182
3462.025110
4406.843898
5128.739804
3909.172621
3720.101871
5116.742386
5055.390437
4160.371628
3392.697225
5388.991806
29.238133
3702.267958
3164.301074
5025.432112
5203.958993
3601.646416
3877.224818
4434.773900
4830.754687
3800.337039
3970.694262
4553.834846
3338.067784
154.168599
774.485863
5707.837095
4930.527642
3978.623401
3260.341731
5130.534226
4939.749582
3733.115099
740.337654
3740.191711
4966.076086
591.165796
2404.154152
5266.078569
4707.543372
3729.593043
2633.080642
5230.224154
4843.979225
3595.055673
3476.338696
5307.617279
4842.461458
4122.822960
3821.229044
5164.351814
5151.485080
3187.111997
833.251579
4725.403904
5436.027435
3600.552749
3479.475738
5101.547207
295.510901
3802.928588
3786.563299
4655.669212
4918.359468
3985.548937
1587.615380
1911.624474
168.569361
3772.183127
3883.635730
4734.604527
4743.967559
3845.342565
649.908973
4227.753921
4729.747395
4000.198174
3672.498956
5419.967258
5112.251237
4133.980856
3975.543884
5186.428373
5130.324868
3886.548229
3988.762520
5259.448507
4977.284736
3918.740967
3514.430400
587.407963
5153.569985
4216.282681
3738.030225
3989.852737
617.041501
3878.828181
4034.999589
5204.016322
4949.596041
3941.099739
3528.937693
4359.072561
5216.787330
4316.133773
4100.319346
5043.555921
5303.161155
4220.807262
4333.438888
5055.705602
1589.812297
1607.232590
645.382082
5093.217662
4408.487870
4266.108287
1119.145263
101.070647
3318.710400
4372.825784
4429.295145
5115.308274
5048.693846
4756.665617
4199.032929
5265.519238
5347.621599
4427.033909
4020.655399
5681.763481
5395.300797
4273.826121
3596.281334
4418.162987
2072.937458
2457.661932
3790.545838
5026.909074
4037.719937
431.461068
4036.984621
4923.203822
5306.278830
4335.534778
3839.408200
5110.809581
5461.568950
3646.145553
4058.002853
4624.904313
5217.531907
4898.943817
3666.545406
5307.379843
5423.724551
3973.583973
3193.024768
5320.374398
2782.973602
1232.548803
3511.761973
5078.799139
5605.602391
4355.945830
3784.871103
5351.452484
5217.848362
4294.420365
3439.470520
5469.933718
4089.782221
414.557067
4406.538075
5319.500988
5704.930203
3987.215202
3734.291430
5688.277148
5147.551782
4001.268428
3647.352933
5141.407860
4998.594806
4250.569377
4250.674969
5093.989606
3989.393364
456.030925
3686.100347
5366.532572
2497.176683
1444.913646
3852.082435
4437.426748
970.994084
3411.577116
4077.793679
5023.379605
5094.805666
4917.241481
3716.578593
255.131781
5247.640979
4544.835898
4116.735235
4990.336325
4860.062645
4229.431373
3547.961916
4761.594430
5303.649399
4023.783507
3797.637032
4865.686839
4385.199522
4178.566278
3315.070435
4681.714213
4673.107389
4258.100749
4230.625750
4778.293715
5016.523158
3958.621271
3306.231637
4875.724884
5550.902700
3984.544615
3716.452951
5187.089197
5018.327759
3768.438101
3470.000653
4980.098901
5004.399132
4227.856248
4007.274368
4792.147890
5542.080254
4228.160297
3585.474613
4723.601924
884.155263
3665.242641
4013.525469
4386.630847
484.743766
3326.502740
3947.399647
5167.364675
4728.344655
4133.733955
4437.162880
4896.291771
5165.702633
4200.424877
3590.654128
4705.977515
4602.411245
4504.765939
4089.936209
4527.454211
3449.254511
854.467353
3844.214901
4890.545099
2626.878431
1547.081494
3698.821476
4865.858218
4941.071696
4312.576314
4193.320555
4666.381556
5103.639295
4423.967206
4045.577143
4713.500296
5141.581767
4754.361960
3462.743305
676.099810
5290.843975
4120.877925
4155.906528
5166.249801
4517.147767
4552.787835
2012.345619
1957.686144
5031.802017
4452.630122
3768.795066
4705.489287
5114.755625
4555.637466
4062.415999
4667.201854
5087.197123
4562.050678
3979.275402
4196.095914
4860.821978
4509.738034
4548.374728
3570.740530
4072.258384
76.640458
1473.019307
2803.358540
5129.729702
4515.522810
3953.305841
4399.921329
5419.102406
4477.494834
3998.760814
4058.941681
5109.851212
2601.365940
670.535407
556.589072
4935.938959
1274.031603
2655.645363
4505.619999
5000.373082
4211.592750
3227.676860
982.444077
3324.865033
880.288991
3977.784336
4678.998326
5137.932052
4589.285793
3565.402887
513.174815
4953.268982
4784.509858
4028.723933
4746.142790
5022.134599
3121.431950
1007.816694
4893.581678
4221.428525
4504.508123
3909.255029
5160.038861
5575.533887
4526.368135
4029.290729
4971.368173
5094.865493
2495.958654
1384.971301
4825.523863
3938.921292
645.254394
3049.202797
4945.338540
5152.172830
925.763268
3048.168291
5102.779720
5313.350782
3743.939185
3880.153054
4535.598740
4662.718236
4768.631214
4241.003691
5181.841232
5299.844195
4864.528029
3783.601768
3978.178829
5106.123375
4615.476204
1065.581272
4066.081041
4986.374752
4392.236336
4296.336644
5337.705292
4035.838236
4475.504574
3904.562742
4801.812682
5284.805333
4482.544952
4092.106026
4976.820769
5179.859910
4590.448182
4242.474350
4952.202668
5355.030881
5029.728232
4011.489588
5004.217334
5272.950194
5131.083443
4389.136005
4121.750443
5254.552310
5126.250844
4343.866538
4901.947081
5141.206030
4407.543289
4083.104288
4902.734550
5225.313630
1430.897959
2890.217474
4445.005729
4962.738750
4592.231761
150.081547
5016.875857
4249.813483
4354.732624
4165.134558
5709.113282
5452.016969
4709.422608
4225.558667
4139.752459
4792.238492
5088.332635
4846.326763
5164.189352
5445.715728
4447.934153
4310.172534
2145.869931
2918.010550
5023.152037
4150.440151
5513.427499
4621.293045
4680.258522
4274.498182
5160.011088
5218.502406
4648.082120
4216.351956
2553.103651
2200.953037
4679.519793
4105.260339
5085.435980
5279.518689
4647.458903
4164.596298
5461.558572
5328.819960
4562.568728
4896.574290
5133.526622
5550.503742
1771.191794
2594.491537
5213.950298
5164.728953
4074.007828
1723.152445
3018.842168
1750.507213
2695.669571
4320.656505
5102.236311
5267.055311
4520.577792
4711.149208
1797.388862
3098.063184
845.167779
3152.204062
4465.284081
4109.775011
4539.470989
4185.563963
5158.091476
5069.968421
4572.803564
4072.563323
4273.826225
5588.899342
4821.667875
4372.488104
5121.629903
5081.646172
4448.506403
4059.477239
5462.073639
5019.942017
4939.907629
3537.922522
629.511380
4137.962023
4584.102595
4429.494744
5331.625082
5227.219237
4344.106440
4353.643302
5775.140361
5451.658575
4330.493019
4065.964049
4343.180152
4838.185987
4142.868436
4313.308957
5169.224403
5070.801205
4501.065286
3918.171977
5205.125036
5038.949224
4665.396092
4256.348783
5381.643363
3902.447072
4295.832535
4150.090969
5438.990927
4985.545228
4471.430854
3965.761350
3715.879601
967.696153
4509.502134
3930.912894
5182.763044
5581.064445
4338.997728
3830.621994
5122.181941
5287.197880
4326.114707
3576.380451
4498.075173
5238.563350
4202.602367
3676.554126
5231.910274
5313.504267
4380.225050
3579.432225
5231.053980
4809.729645
4241.043690
3835.299532
4989.463178
5603.601626
4064.349923
4455.450893
5253.652437
5455.416967
2337.818058
1332.922207
5045.706873
2881.024987
588.471445
299.978553
5416.438318
5125.348976
4175.872820
3836.564506
4922.700628
5639.036750
4394.994360
3611.407942
5004.056532
4778.278489
4396.527303
4010.069533
4549.658416
4987.486897
179.128521
3700.292806
4904.560092
5656.818009
4178.732121
4170.640918
4927.350604
5614.647109
4374.677680
4334.667437
4942.082175
4726.346288
4464.564409
3862.831193
5160.994365
4764.057580
3881.846746
3758.818723
0.000000
5035.479118
4363.548507
3804.587772
4971.818214
4887.872138
4378.562171
3973.665769
5096.013226
5249.229799
4232.510179
3889.053907
5365.022030
5061.198953
4507.764436
4464.121483
4924.969961
4930.225178
4395.042078
3678.243427
5180.660119
4797.822825
2514.073535
1210.111364
4915.432046
5006.477108
4318.463265
4150.843194
4553.134827
4812.489483
4416.167039
3990.478079
5150.042639
4854.621900
4648.251134
4426.346045
4440.689285
4917.781715
3975.886496
4037.919503
4484.223014
5215.433515
4503.659458
3857.015135
4813.266669
5187.961925
4584.052876
3919.169215
4519.321290
4784.378038
4522.323930
4036.921802
281.528382
4090.442726
4626.586956
4049.441912
5047.322584
5231.449359
4717.818517
2866.129158
1534.784147
5058.232873
4212.212380
4225.915091
5254.420647
4448.580365
4499.891266
4349.750327
4933.089440
4570.332479
4556.476100
4521.570682
4929.134025
5054.407014
4239.771232
4209.996224
5017.980870
4875.973544
4717.391431
4197.471127
4962.474669
4278.796540
4530.475858
4290.290403
4439.021553
4989.716119
4681.103659
4759.925130
5163.187993
4580.942646
4755.917200
4441.501486
4954.262924
5059.429821
4679.773239
4507.048363
5201.787654
5463.164091
4468.186290
4288.708713
5299.891712
5219.645900
5067.651220
4813.641052
5477.484645
4308.410938
4196.555713
4744.330687
5185.021553
3188.580093
989.879905
4148.455742
5331.634515
5128.559085
4793.569680
4340.218545
5069.214585
5265.613035
4372.991726
4204.853553
5184.346288
2020.797822
2213.324055
4103.109835
4985.198635
5110.279950
4408.831935
4398.909926
5257.570778
5169.543855
3619.110351
665.727717
5085.258925
5108.831239
5074.751938
4760.772435
4747.449105
5500.081766
4666.497131
4558.862684
5113.072578
4387.815140
4623.533647
3820.133958
381.083816
5029.626232
4662.847017
4426.942787
5230.545278
5215.182176
4743.428922
4192.677664
5178.998200
5144.326050
4747.898908
4280.838253
2135.577320
2990.359065
785.727234
3355.451230
5139.723360
5256.221279
4481.807210
4305.856487
3513.705299
1008.348449
3534.608351
680.469241
5289.689541
4413.414347
4795.556596
774.622608
4038.484603
5229.939215
4669.605148
4786.472402
5067.089319
5130.911860
4428.740408
4041.782294
5288.478513
4873.642778
4729.186966
4216.321584
5238.036017
4947.953356
4649.769174
3900.569591
5161.002746
3975.026398
4447.137935
4343.834218
5267.985725
0.000000
3877.598062
3754.178368
5173.004872
4840.018034
2203.573050
1777.608504
5143.262527
4338.035731
3070.089291
956.120383
4269.749669
4956.441456
4442.272201
3837.736271
4810.493817
4911.303542
4782.721207
4401.271667
4474.572426
4568.036008
4556.854550
4307.325860
5037.981273
4495.437999
4471.268184
4094.464705
4767.305287
5114.135307
4815.540354
4076.925655
4749.832738
5003.518820
4390.025565
4344.702670
4699.758133
5016.917592
4460.397407
4072.931834
4933.047493
522.409253
3884.721738
785.699959
3888.119806
4921.988061
4901.602837
3746.992167
4268.209800
4062.976299
4498.355511
4574.389350
4667.156459
4459.935164
4519.711229
1634.631310
2217.609365
4572.813647
4672.701821
3811.663767
4977.387173
3766.840124
4696.474903
4043.754592
3153.040490
1037.181520
4430.557959
4482.326846
4875.208021
4792.355522
4594.898232
2669.837761
695.954461
904.588999
3228.049410
3870.096689
1314.119262
3191.568413
3346.078256
270.910494
4934.367316
4902.426331
4602.070080
4219.013384
4858.589107
4826.599359
4243.249486
4098.161603
4118.908277
4863.699833
4033.978075
3881.873365
3314.651232
1297.785428
4028.585340
3790.009623
4556.788078
367.751600
3606.447139
3969.391468
4975.163333
4542.320928
4147.805935
3558.549602
5196.512249
4584.069322
4287.886842
4458.780019
5056.850520
4517.268447
4549.654794
575.710449
4291.457496
5452.188174
4264.953809
4048.411356
5372.132628
4829.562402
4342.665724
481.399101
4754.377166
2218.816478
2424.727165
1470.335786
2762.478602
5597.253821
4352.483393
3995.480440
5270.220053
5044.941446
4492.988052
3979.755727
4616.756253
5130.207440
1729.650857
1967.693591
5277.504683
4903.395979
4483.501646
89.283442
4906.242893
4959.078927
3998.799513
4084.969684
5252.080130
5056.132150
101.420711
4562.341414
5294.984708
5084.214044
4061.903384
4000.599232
1429.541402
3692.896437
3824.442482
187.225571
5566.133791
4927.081160
4240.758133
4660.106411
5396.553595
5140.172795
4339.748017
4212.376465
5528.487813
1797.567034
2822.489866
3873.076857
5193.138500
4453.096357
4405.052705
3647.954954
714.519149
5087.915313
4555.189087
4597.607685
4832.910985
5333.135430
4477.763815
3904.746770
5394.950961
5258.016298
4362.759734
3711.363443
5371.988100
4335.801074
4394.197635
3572.603326
5440.071918
5126.566989
4282.553517
3990.423726
5514.040829
5256.533488
4192.764615
3554.368200
5755.652162
5257.129405
3763.906820
3772.301430
4561.321802
3202.673341
876.617361
4131.740662
5610.729722
5389.680913
4278.412284
328.124268
4861.323880
4949.740108
4430.724851
3483.342635
5045.602345
5309.749426
4289.886892
3881.270223
5382.531923
4886.028472
4220.846603
1638.405995
1926.689338
270.706967
4213.644380
3908.678900
4312.661890
5113.689229
3229.770802
4042.047823
5206.097173
4664.794719
4438.326009
1545.492034
2705.094824
4952.367165
4081.319085
3797.406529
5109.776139
4651.852989
861.869561
2086.167868
5709.882832
4682.288522
4018.645649
3302.853813
5365.650748
4709.118237
2013.689233
1258.330513
36.702660
3953.909489
4371.855176
2869.280030
5392.623796
5224.479504
453.862179
2961.691173
4388.454389
4769.973866
4438.619769
3761.379943
5357.946096
4287.455736
3459.392561
3968.300615
5050.087884
4085.738968
3841.477348
3753.764384
5371.750639
4222.365103
4287.499741
777.469627
2104.572145
743.927571
4382.595078
3674.364085
5284.138166
4713.573138
3350.086502
3489.870673
5154.384841
4587.653920
4453.776174
3626.137196
4325.927136
5029.827741
4295.038465
3333.058445
4980.125100
4715.401905
4348.250145
3436.525798
4492.917407
4320.103730
4064.600061
3669.145443
4248.220336
5276.146303
4344.876884
3833.178227
5086.043973
4747.239641
4410.658654
3824.604579
1388.580245
4079.637505
4399.319530
3921.933604
176.222071
5434.346307
723.101250
3297.999878
4874.197987
5077.572891
4228.860882
3618.062001
4985.865387
4038.329584
4767.997266
3923.640159
4910.324966
4618.441579
2871.174866
928.409737
5144.270463
4914.851859
3666.738210
3092.642389
5100.464505
3247.152878
994.003645
3524.763852
510.292774
3651.101090
4311.943453
3743.227257
4238.543397
4970.565698
4248.061191
2882.436784
5098.183997
5150.247471
611.746421
3102.861039
4763.661218
4451.803630
4199.001204
3893.119171
4442.317680
4744.134851
3124.852065
666.348866
4973.920973
4790.219596
4224.201157
3894.512603
4455.025419
5083.863835
3837.967176
3760.277998
4698.587238
5240.418868
4123.119204
3681.751106
5081.330629
5413.422078
2959.249163
971.430566
4953.330209
5144.370838
4622.054471
3773.767547
7.169531
4949.359539
4183.714420
3715.355436
712.276073
4409.315885
4266.856588
3881.158416
32.857635
5060.892342
3768.810997
3974.409141
4825.129413
4896.055919
4169.666789
3780.531440
4701.404502
4710.735894
4223.255425
3652.675316
4678.772684
4721.950038
113.410153
3715.376354
4588.349393
1365.414409
618.001766
2067.436802
5420.367195
4718.591740
1534.584529
1484.465295
4106.757709
4329.909550
3937.440098
3422.327326
4648.495235
4520.006755
4102.435558
3097.488507
4228.441220
4554.879108
4029.294053
1923.718073
1423.466770
5037.582323
3857.047018
3236.253045
3895.218673
2865.578525
3938.179591
183.823010
4072.770779
418.037408
3919.209097
332.278991
4727.506013
3841.828920
3824.511670
2957.262923
5043.568826
4586.861288
2915.729777
3649.735893
3672.362485
2576.049405
3827.265482
1466.144138
4658.802316
3254.809084
3606.591774
3241.227680
4940.956661
3571.371958
2833.975432
1241.521780
4710.322175
3700.928920
472.272836
1159.247102
4809.362597
3153.717595
3860.542879
3509.648102
3745.758843
4123.936851
3850.196981
3355.301216
4782.676484
4363.686209
4042.519693
2957.651384
4549.027550
4005.133846
3037.176102
3352.761202
158.729731
2307.095578
4378.546779
2857.987379
3849.951260
2555.491512
3905.997652
2799.006787
3861.862521
3964.985565
3368.588324
1963.665607
4764.979767
4654.842539
2537.856654
383.042589
4741.045645
4634.174841
3887.185141
2527.772062
1000.148747
4051.349641
3142.539745
3418.484938
4798.381356
4697.314497
1753.913557
783.336207
4992.902531
4278.207410
3221.489683
3388.345345
4688.859906
4325.795477
3674.481802
3491.603619
4997.303040
2386.165039
3563.406731
3162.717573
5046.249312
4564.420964
3661.894099
2683.415529
4646.749785
4306.315805
30.755459
3192.392543
5035.880577
3449.404875
345.672311
2928.103903
4249.583904
4286.931374
3331.288244
3247.178754
4705.579644
460.819458
2937.073769
2941.844219
4145.770230
1284.107556
2154.817938
2356.282114
4063.127138
4196.857691
3943.199224
2813.312335
4355.546323
4785.045141
3481.453483
2634.225148
4577.632845
4250.813660
3504.473669
3316.600160
5086.393345
3074.210908
3354.102963
2703.968807
3135.649372
1524.453090
3602.014556
2224.087021
4767.664417
4358.163538
3540.304094
2102.426992
5017.096131
4222.552745
3517.643509
2500.795624
4097.705123
4172.403899
3722.833769
2582.937599
1145.365499
4467.152428
832.344730
2131.667841
4619.556644
4330.205422
4057.407268
3169.312857
1201.218906
3316.993359
3572.278451
3570.791703
4569.489059
4586.266531
3548.046339
2952.919564
4658.559164
4426.435621
3651.175984
3447.745806
4801.308362
4588.781867
3845.701711
3655.587255
4406.164764
4724.052747
3947.182028
3312.314977
4876.293042
752.470604
3037.577064
3649.275180
4770.960558
4678.355146
3787.618924
3299.152592
4559.734117
4659.176458
4141.455007
3252.223626
4783.915088
4938.478278
3329.817074
1890.478151
1726.117095
4586.993968
3773.171551
3350.891402
4448.327124
3944.525253
35.552729
3746.276128
4477.051759
4445.290023
4095.847423
3134.555621
4233.949110
4457.126795
3552.451964
3169.276495
4477.626212
4693.349207
3712.935356
3407.498391
4199.214840
4824.302390
3880.836734
3275.831130
643.999176
4030.841055
23.029712
3263.924646
4511.202180
4587.383017
3834.321843
3745.332349
4423.355518
4494.240505
611.883455
2581.367605
4263.654431
4652.191389
3842.589322
1592.463297
