5.253226
-3.900683
-5.802680
-39.387511
10.146585
4.668754
-13.010153
-46.676045
36.577259
17.727010
10.167596
-6.766205
5.307931
-0.468668
35.215613
-33.064372
-31.954111
82.905058
-10.176515
15.007284
70.569799
17.897582
38.751588
-12.204430
98.317866
14.684904
17.668946
21.690824
31.909746
113.548451
299.641347
127.399142
19.258702
268.215574
539.867809
-38.416215
17.932248
48.315484
-14.867509
32.990093
209.030878
177.336615
473.096358
103.642973
301.935529
294.406566
538.041032
505.557411
222.153575
81.953282
578.044218
1114.371655
140.042347
298.423599
1059.104236
412.127148
112.907503
70.184360
115.745944
1460.982110
32.480849
223.794890
1297.420157
1841.800455
119.356887
317.144204
242.106143
43.321750
64.007097
109.492641
-1.452236
961.305997
132.033465
303.974106
1614.512732
77.486752
126.966016
100.523431
660.025051
2122.324631
157.005596
236.511299
1564.409742
553.578370
64.640546
220.176306
2006.319070
2210.437678
56.343266
32.930797
1121.850546
1895.393271
18.294179
4.303641
2124.222326
2683.243961
91.773473
41.625335
53.251583
60.151548
85.902986
224.879873
1713.152551
15.650695
55.116260
153.565067
1797.672459
436.850744
11.020265
18.940390
1773.326749
2182.273594
133.791180
162.633546
1413.118259
252.107630
86.586889
102.068768
1882.589253
2182.252453
30.419569
82.857759
2097.702927
2231.038303
186.452473
294.644339
1901.893702
2764.891807
13.435272
215.458710
2024.688878
1753.291965
175.593020
218.521515
95.235033
1488.220531
186.693443
288.059535
1949.677680
2490.859153
111.822985
52.919353
1176.772984
493.634849
38.539735
251.448336
152.488757
1207.378695
167.300612
276.355744
2125.239114
141.177127
163.447620
197.139108
2208.233929
872.660930
30.111028
84.382447
756.050638
2664.281752
118.169493
177.826830
1653.347627
2882.680771
168.976348
222.989517
1322.562167
1844.372651
263.155431
258.543674
1769.507532
1140.143685
127.168425
277.277406
1789.047574
2029.221748
225.177574
298.274936
930.973508
1354.546718
260.975030
198.213831
161.670679
1737.299195
302.682637
385.491138
1503.277870
25.326049
187.319694
15.118319
1769.180748
2258.701952
173.045426
207.921730
1692.333278
2126.931282
113.664825
32.416543
44.757341
1203.580208
58.940116
15.922019
1752.278743
1662.032198
89.834581
118.186818
1921.911849
14.888132
128.551082
141.659780
1749.313185
2097.897834
126.039360
114.685601
1627.303928
1986.716720
105.332455
101.167648
277.080469
1378.191337
32.510618
31.103253
1458.421694
30.785843
105.865794
77.937752
415.783317
1092.648458
19.339275
43.518285
1253.327305
138.374276
8.893963
38.441238
1154.618289
740.015605
71.160293
26.123441
27.662974
474.695749
87.501157
52.626280
558.445269
1647.379814
94.177164
79.331474
1896.600281
16.232529
62.989743
136.489525
243.151899
2310.590085
171.143743
220.308403
1807.256737
2240.445921
121.907457
47.895801
1051.883213
2531.875440
201.977468
248.290140
1184.002023
2692.793122
203.974466
58.600474
1668.522956
59.805644
143.187693
187.863259
237.428350
1105.195801
27.188861
220.107375
1764.989774
2521.758557
74.306747
21.808911
2041.991354
2936.059923
192.160376
277.751158
2409.020299
2981.101043
210.874132
224.049291
1713.910712
2681.834886
119.168560
81.595307
2263.774803
2073.966235
56.452853
117.754436
2126.652376
2358.029569
250.068424
254.470185
678.753960
1041.178191
317.289251
154.060826
241.239561
47.008309
172.871434
295.701018
2321.494082
134.797643
178.969250
315.384835
1917.127239
2534.054502
362.210404
319.488560
1552.029412
2372.629362
205.835872
301.073186
812.594334
698.070227
161.853652
172.858949
1295.332691
2206.439301
94.060490
166.652419
61.730678
1785.587949
371.316562
411.112777
1761.595163
121.232921
191.683630
75.238727
1066.813564
1918.044768
412.241865
6.581656
1568.419463
1950.496017
329.600403
181.731811
1948.743892
2481.325100
287.814909
63.323268
1172.515957
2461.879989
153.179057
197.244789
1002.467323
937.972198
24.428408
192.530202
41.212942
2443.478451
168.490093
306.582669
2194.139134
2569.590764
202.983907
178.756614
2126.437197
782.991991
60.261554
135.470795
358.484026
2310.734086
31.683826
243.594840
1983.118137
19.214969
107.909129
217.390937
979.508749
4.991447
211.579693
430.358533
1625.368169
490.869586
26.404969
342.388970
51.964545
631.692503
259.788606
354.957522
1509.532660
2073.526153
376.846560
593.941002
1467.650655
904.591018
517.667524
443.885255
917.710735
1647.198355
324.401182
395.110062
186.907572
293.397564
353.153325
471.163222
780.550627
948.444720
242.893637
367.059035
334.805731
76.667711
241.345970
369.227842
1179.278772
2106.236493
360.563168
172.915204
618.577949
2043.174390
304.905600
412.100657
2011.559267
79.624351
198.884406
420.594158
1799.036116
1856.995956
362.852829
490.916386
1852.892480
1875.328369
470.061127
38.080894
601.382021
266.840544
76.513248
563.783070
1617.718315
1802.874930
15.017614
285.998800
1517.793250
2025.056760
98.532648
255.678937
209.793154
210.554621
307.080644
405.647248
1553.215420
515.410412
67.879700
522.025695
2041.719243
13.258314
393.902558
263.096144
221.056123
601.146222
122.222167
382.336698
2033.021802
2233.209449
266.452486
380.528988
917.793662
264.722418
305.569538
471.890428
2348.529139
2797.209555
258.412833
358.419656
528.574970
744.890748
446.473465
395.869114
1251.179771
2458.836320
421.469340
474.092272
891.206797
2276.638505
537.779587
485.986649
2161.541094
1310.014482
469.705761
483.114351
2271.887652
2794.426260
13.506143
500.655495
2244.265047
2957.756745
539.161458
453.845476
1568.241751
2352.707927
168.025923
255.149120
2319.473359
1089.092617
10.022362
590.721345
1553.954148
1894.405188
468.404135
526.557192
1648.603919
1597.466719
446.283687
92.602103
1106.546638
2272.282735
705.190996
657.256556
1618.557591
2072.406100
549.429514
590.498979
713.356803
177.900605
347.974340
671.466641
1742.429495
1069.133255
569.051667
50.366529
1544.847084
1854.220791
557.413820
543.385215
2181.767377
1143.495849
757.060702
675.960418
2358.131366
2296.716041
331.077665
240.728079
60.522873
2888.977171
700.685601
649.171146
1996.217199
852.830224
264.270969
127.206362
472.820401
988.482554
7.114807
739.390927
1772.132041
2218.074915
697.298479
768.125684
2558.037289
3202.448169
95.191635
488.430896
1963.041343
3210.088097
561.417289
531.896963
2587.092008
1813.241992
440.932258
677.479810
728.398243
129.834719
520.259562
681.074607
2169.799385
169.549701
480.730212
516.481770
407.225990
1032.825987
656.483842
756.461065
535.803853
69.312362
507.926366
577.919039
1766.502456
191.453440
350.684012
620.407897
1658.606826
2395.693136
632.675862
542.720515
1977.091464
2860.675015
448.820882
387.192350
338.571072
1860.725426
526.945207
267.827562
983.281166
2462.377889
216.021031
177.207337
1727.874369
2405.287002
482.504043
403.121582
1558.293201
2268.896031
587.814466
249.849560
1201.572710
3290.366230
396.790406
310.049080
2297.264782
390.748022
145.412834
391.700337
2288.649691
2233.636450
271.359910
329.790540
2323.642698
2507.541936
689.155108
645.257771
1889.804366
1315.530813
468.419954
177.617317
2041.610127
1362.154025
742.112970
386.309470
750.811114
1963.064887
85.406182
592.154444
2165.011069
3255.935452
616.553446
698.043311
2834.803187
3113.680664
573.796925
517.624858
2671.428978
1848.769624
4.101939
493.192580
2352.705430
2938.206053
250.681020
225.690366
2093.053373
1466.462734
401.336097
171.222611
102.158677
68.281574
182.219462
379.678845
2464.320397
1009.091646
384.298983
373.947283
958.181781
2182.511478
629.323938
762.790451
1513.686256
2182.746225
819.532713
847.987327
495.449174
1064.691242
1047.638923
919.013514
2573.775756
3082.723748
1052.841285
898.641490
2079.252519
2721.049628
770.541862
581.815112
1351.623494
2206.612442
579.827868
627.259083
2438.983336
2923.559398
637.847005
631.261839
2444.461107
2574.629220
723.356941
136.640210
2140.858869
3311.008142
858.819664
820.016556
1020.886892
2720.294884
885.080247
874.258475
1959.142813
1473.266032
909.800005
689.901270
2595.057162
342.463319
448.635010
75.624159
2261.446641
2421.878204
655.363702
559.918841
82.521853
2642.204902
411.504169
414.575420
2829.404188
870.907524
918.575130
148.211537
874.768948
3104.002895
919.863948
151.808612
470.919282
196.181979
598.597949
830.138694
2907.087585
3460.136565
680.254403
32.032482
2580.989802
3540.373836
681.523734
728.296338
2254.207045
1619.642114
865.046228
953.769547
2038.533757
2909.335891
605.470257
887.618864
2604.749849
331.903643
411.711201
140.526549
51.229261
1813.509856
992.388126
1000.348071
23.973578
2689.472317
1104.646838
967.626736
2462.825145
2862.059156
870.839676
994.122780
2325.165778
2375.323938
812.732386
897.959782
103.208734
1746.968260
995.753831
1051.379928
1655.815345
1888.747935
1169.173462
1130.540769
2822.495411
2717.196651
358.840999
595.201042
2965.456494
3499.571305
709.533453
923.998049
2642.992471
1880.278998
912.409696
905.553856
2552.746145
2275.207329
1166.251335
999.557679
2488.298802
2253.803177
120.236441
622.907309
2478.450157
1521.209844
978.912240
1088.160462
5.324547
983.608240
964.365261
1094.001190
1024.744283
727.211513
93.579656
950.471055
64.771416
2460.699340
143.315091
950.916484
1202.964998
2095.617313
1167.603250
158.761033
2048.677028
2610.037553
955.924845
664.762062
2523.280127
98.748093
1107.486777
970.021607
2649.125597
2812.853408
740.759485
1352.217881
2654.052489
3245.714883
589.379324
948.556949
1253.293707
2998.192086
669.651491
207.244666
487.775690
1357.142863
931.171167
1048.952154
1933.479044
1678.289401
1053.027911
916.643432
2337.175001
3002.019768
913.321068
1182.976882
2378.569672
2645.975991
1347.076828
1035.187663
1992.161294
2243.234138
1108.216893
788.954115
20.922748
2691.711556
995.550550
1198.764037
2443.393775
1946.063912
1028.669134
974.178096
2203.147999
820.538613
125.015248
1201.782570
1648.123710
2711.463769
1140.748664
1126.290018
2728.464108
1286.386526
1363.243851
1413.800214
1835.118418
3030.897894
928.490133
1382.742664
2531.652423
1018.826143
1417.449011
1584.526416
2537.020630
1709.584399
1509.493768
1315.130392
2246.526200
2824.147821
1347.601878
1271.630011
2732.244273
2702.827805
957.779950
62.091657
2642.583843
2677.817735
1138.225859
1072.926312
1154.436173
2287.328006
1311.445567
1129.699891
2344.684638
1754.934444
1395.057361
1471.780031
82.808070
3017.913682
1104.357496
1304.641505
3287.519992
3277.606750
1218.464727
221.441601
2649.016756
3379.567461
1345.788259
1485.356748
3067.833661
1207.026032
963.830121
1457.133047
3364.479528
3085.511715
1394.649154
1243.947776
2626.461550
3146.456888
1410.157109
1630.166507
1734.749523
3138.103881
250.561159
676.134198
2504.642844
3209.753394
1321.914017
1588.959648
1160.760934
139.932160
1720.779831
876.419048
2497.580773
2941.354247
1599.932629
1396.125864
2745.402616
2239.856403
1484.216316
1172.229567
2018.745952
714.192746
480.995905
1469.105634
3248.235934
3231.740248
1456.131492
1655.350375
1809.018095
3432.391037
1585.994570
1621.463622
2925.259566
3419.317412
1136.247812
1720.041762
779.941971
293.928955
1402.203805
1391.244845
3027.352075
3584.589443
1311.463382
1152.217903
2926.021967
180.021229
1305.175599
1762.401064
3279.650066
3468.272845
1741.597319
1622.857143
2540.942139
1018.184816
472.513143
1854.596768
3442.673998
2112.044169
1745.085953
291.397484
1310.012858
2004.255793
1539.903740
87.687339
651.233149
1620.586573
1542.336917
1495.195054
3253.319925
3243.049570
1637.031709
1389.621516
741.996968
980.015322
1465.481668
1594.595951
1882.341904
2788.349492
1344.608080
1653.145324
588.476515
1911.350585
1313.976686
1153.190214
3161.785730
3468.419045
1422.406377
492.422206
1779.728094
3582.863384
1135.910796
1546.256386
3262.469704
1789.926671
1396.446658
1161.418711
3326.022263
3107.189187
1802.963952
1659.820399
3544.238295
3665.137518
1734.556006
1742.760017
3290.932922
3756.800625
1679.639169
1979.539266
3138.747293
3166.635334
1651.639056
1798.988103
1185.299559
721.425616
2180.214461
1598.582125
3128.760800
3208.357002
1214.490841
1943.012965
1934.546233
692.510335
1004.875081
1929.472212
3204.158672
2518.606352
1408.762198
1973.660159
2575.778145
3163.865252
1919.822880
1989.912106
3470.765266
3625.219869
2062.597185
1938.398873
3555.395104
3896.121861
1664.046319
1278.063659
648.458051
3821.082336
1919.536477
1028.000676
438.209321
1446.750569
2074.446265
1029.132578
3278.136284
2085.328683
2024.142708
2146.876054
3334.520815
3491.224513
1945.105318
1902.324398
3390.464517
2960.487152
2046.576537
2618.925247
2821.710249
3706.598874
1203.925336
1989.888806
2584.503284
3570.530008
2311.993618
2354.774051
3323.917323
3160.032222
2171.890633
2332.936559
3512.283920
2844.984619
2396.227945
2492.170478
3605.951864
2053.223518
1670.498303
2107.822148
3412.514914
3161.372148
2213.607986
2411.308075
3682.587907
3815.902816
526.963531
1731.091685
2462.151156
3767.466600
2267.843843
2668.298283
2615.971989
3571.497325
2059.623273
1601.271604
3853.701312
3527.497913
2603.949434
1915.334104
3722.258035
3417.149987
2237.526992
2563.481984
379.236757
3062.618304
2487.274623
330.203068
3045.131395
3521.864968
3004.052555
2218.955356
3497.967816
2338.583335
2782.933092
3053.988769
3555.047712
2728.541637
2593.374811
2732.004151
1044.574582
1502.318286
2740.104316
2719.996904
2713.553573
3609.014665
2663.406510
2466.491898
2469.927650
3360.727340
2902.159905
2626.190910
3515.777434
2988.324349
2911.866250
2546.439468
3234.256500
3387.338763
2679.971232
2415.497589
3839.214467
3580.161474
2294.157706
1989.334322
1224.229442
1372.122047
3150.590307
1848.016445
3593.949142
3533.734869
2134.321225
2637.400750
3030.988037
2745.379358
2876.473287
1548.821429
796.465653
2703.683144
2666.355111
2689.508741
3378.000723
3186.558907
2638.596788
1499.461563
3298.408567
3248.986484
2238.599580
1928.113329
3706.712305
2946.268708
2593.855861
2251.653344
3287.584728
3261.318311
2727.882394
2074.397270
3580.231424
3556.297329
3029.765857
2505.365792
3777.649562
3660.837253
3100.150989
3010.901201
3973.489455
477.020183
1494.500875
434.701316
4034.971884
3853.660068
2601.757221
3042.440448
3671.053464
12.745542
1857.319030
61.729979
2680.998828
2946.806121
3112.734588
3098.325166
466.835385
1899.486379
2928.480782
3084.129839
3997.610964
3771.748056
2362.575654
2978.589600
435.780942
2856.731377
3323.779645
3062.132462
3821.422014
3457.098896
3000.262591
3047.461986
3820.631128
3857.618445
1720.921248
3196.495057
4115.874991
3708.701224
3226.503011
2312.033817
3612.923457
1539.228741
479.864967
2867.073519
3903.996006
2595.327014
3280.802492
2376.689903
2323.115264
3104.983378
2364.576131
747.338135
2500.624850
3831.381191
3247.043129
3111.865396
4239.684338
3803.019251
2339.512180
3263.350769
3902.907533
2922.895083
436.004420
1141.764608
1323.308345
2844.058302
3692.433387
2351.602856
4137.051024
4322.676984
2693.785562
3431.139110
200.712160
3404.827885
3365.059364
3681.001623
3493.309654
3699.996268
3100.377696
3100.684932
3051.531152
2525.863536
3643.681067
3477.888063
4008.093562
3718.801856
1801.371608
3166.602605
4229.151712
2992.944922
1985.852570
2502.013333
3865.411533
3592.075390
3508.026449
1964.814051
311.615508
3560.909313
3024.232832
3185.429154
3734.478111
4157.195781
3998.653573
2497.980937
3850.472645
2936.720507
3256.810062
3160.181072
4073.415688
3593.954424
3652.394678
2900.151946
4063.024660
4076.203218
1922.292537
931.052382
2958.908578
3933.410839
3462.464359
3632.006539
3985.479261
1048.248990
2419.612985
3514.538919
2809.939010
4021.940899
3107.881029
3367.172260
2217.728781
556.504560
3234.533152
3565.656640
4254.202889
2696.047812
3185.687360
3327.148291
4045.244438
3901.744770
3046.943181
3308.863448
3934.568218
3990.926665
3268.356865
3546.791360
3964.843979
3918.171023
2628.465691
3669.814504
4176.609541
2083.523919
978.722574
3876.061383
3460.816887
3939.162558
2465.378083
3778.688717
4103.688499
3894.587648
3951.412197
3581.496981
2503.576951
523.589230
3319.480125
3593.621553
3960.287978
2976.709513
2610.584218
454.229332
3169.370684
3618.544290
3739.849830
3883.515736
4296.010663
3997.619290
3718.886358
3629.000361
3332.507662
4080.267686
3391.045144
3877.077336
3172.051386
4070.592894
3163.468322
3586.175705
3577.699518
3695.540640
3569.733544
2888.218171
4340.638305
3831.171289
2490.071248
57.604128
4192.616786
2538.242537
94.322498
2536.495381
3934.279394
3993.970031
3528.887743
3451.112350
4031.810191
4224.027409
3409.623090
567.661086
3122.355874
3685.253302
3095.108466
3306.523275
4259.549846
1206.000448
1517.260594
3862.062696
3648.271334
1929.364876
954.621704
4079.514449
4037.893236
3495.754690
3942.793522
2978.569732
4134.118682
3633.291457
2467.135642
4346.794724
4136.210695
4257.519750
2841.557351
4139.975453
4649.517410
3756.558247
3764.068875
3862.906527
3848.927628
2240.756643
595.489761
4343.323260
2738.694014
73.671238
191.448832
3867.798241
3001.705887
3889.506536
2736.548544
3859.336111
4100.350655
3668.648690
3967.161058
4085.655212
4194.380190
4290.031919
3006.582196
3472.633357
4147.274842
291.567030
3247.572993
3264.597750
2655.801887
3400.249121
3671.558373
2619.225265
113.271322
3853.485532
3995.376894
3296.177397
3531.913571
3855.533768
4125.757677
2898.274505
4091.858667
3620.603706
2821.912045
3958.805809
3349.419915
3958.500459
3686.992435
3889.189292
4028.335849
1711.480322
974.794489
2430.000599
4102.074386
2755.239562
2982.023473
3931.758709
3098.421250
3595.194824
3794.675813
3816.124735
3132.567903
3479.781592
3455.062309
3146.209252
4248.625270
4329.197989
3771.384985
4420.216164
4120.620735
3534.995506
3880.209129
4155.534093
3799.984515
3587.169945
3485.585212
3739.452678
4301.458339
3920.270028
3192.189290
3299.251226
2832.895495
2160.323379
749.151010
1480.362813
1540.274553
3034.350781
4015.107300
3692.930743
3506.389537
2273.929487
248.353880
3701.775255
3188.993735
2760.351417
2255.059307
58.812530
2656.245172
2477.969457
3403.605286
3413.409558
3402.307763
2899.676543
3232.952111
3737.466942
3456.557241
2908.873575
3634.564699
2517.365421
1169.846686
1646.497306
4195.382647
3554.943010
3836.908546
3218.831584
2918.747270
3012.851042
640.653373
2428.494642
3141.706429
1076.547917
2001.768240
3152.687720
3658.521966
1823.814864
2372.808987
3238.068866
1635.485423
1448.913676
3471.619137
3580.909077
4440.073240
2991.138112
3670.561267
3593.316109
3154.177247
3738.435018
3636.135301
3344.001858
3678.378738
3065.765466
2414.858073
45.066307
3643.842869
3117.868291
4060.205634
2832.581951
2702.763815
2952.580051
267.641475
2378.406800
2601.530809
1971.252747
4178.240562
3826.486725
332.454609
1880.846762
4193.555240
3598.866933
501.153064
2515.566458
1345.005009
1659.878702
4258.739355
2951.878434
4088.484325
3631.027009
3883.828286
3719.708060
3939.219464
3631.333524
3819.168367
3224.636773
4026.380094
3739.504047
3932.959638
4055.444650
3865.257793
3687.415674
3638.276926
4245.904422
1265.055213
2112.537957
4070.589417
3452.304633
3994.473621
3476.569428
3805.292859
3068.216595
4102.577277
3154.611566
4035.289273
3852.217051
2677.637332
3964.681251
3986.535043
4094.288058
3903.914889
3333.537631
52.981031
4055.681661
514.357922
3272.683697
3566.899603
4067.721070
4422.922122
3043.871568
2964.630541
4106.847860
3982.758565
3884.474196
3800.016392
4406.422103
4176.469262
3175.500348
4008.354594
3273.013105
4080.628361
3655.330331
3742.519159
3536.687971
4370.848991
3827.272019
2653.217994
3838.015170
2732.780916
3880.019009
2298.071892
2826.822913
4749.422627
2964.153913
2788.249741
4165.700644
4070.474508
4047.277620
3734.690505
4220.189827
4334.215635
3396.664367
3853.592823
3448.138738
3856.572068
4111.048269
3221.213199
3848.754638
4409.938435
3578.768837
2931.651913
4147.074870
3783.924703
4132.645583
3150.510242
4554.499050
4270.761024
3385.190326
918.512037
1655.129655
4166.186811
1412.815454
1864.074768
3269.683591
3860.248924
3807.994305
3525.972014
3659.107499
3481.370572
3716.350747
3275.860633
4248.974002
3887.195724
3480.440713
3789.503736
4131.015588
3382.044617
3341.180100
3384.091289
3882.260046
3609.924426
3397.351845
2376.725261
4141.741779
4108.956280
3268.306882
3124.942002
4104.775855
2859.197634
2837.555909
3237.369780
3768.681065
3454.227375
3109.510799
3306.622087
4552.937647
3637.557775
3362.898486
661.425043
3139.677194
3629.359668
3294.935842
2661.443209
3663.247736
3896.143411
3615.964657
2678.551359
4266.926072
92.750281
4266.998385
5.838041
3908.044263
4508.260124
3765.258318
3753.067641
4216.059797
3979.820196
3729.466060
4032.234517
4329.482219
3631.421199
151.647218
4095.581228
4228.850421
4257.512494
3440.171543
3550.730765
4746.104802
4278.859290
3505.682259
3960.000492
2943.700161
3327.403233
143.273726
4176.270462
4398.401496
4126.207504
3593.128609
3648.956277
4586.847603
4627.780647
3583.139530
3825.543253
4491.989885
1076.300742
2313.110318
4196.056731
4142.174375
3686.320653
3494.658281
4535.442162
4639.321593
3749.195996
3870.392931
3847.631263
4625.574168
4385.939196
4571.723187
4188.520236
4343.850290
4325.417428
462.921382
3301.105366
4173.702588
4310.373539
3946.674497
4038.133667
4587.511575
4502.351398
4525.062250
3716.310676
4184.902043
3343.712708
3576.708278
3720.031775
4462.138219
4385.628569
814.476854
3120.321214
3235.434088
2226.185430
1208.892374
872.729713
2050.850704
4221.171522
4119.233416
3937.892582
3235.531692
285.357009
3584.325946
4673.174638
4145.898867
4296.970592
4420.474739
4126.633278
4555.595906
4239.894525
4125.830742
4093.023826
4621.553820
4459.743402
3944.843562
4016.470127
3860.017397
4586.741293
4007.058339
4296.734269
4417.064765
4185.994838
4016.472210
3784.432834
4888.887535
3706.555584
4422.175335
4326.807019
3338.937164
4001.686734
4029.333641
4541.271464
5031.526430
4326.134691
3822.620251
517.939223
4096.235573
3584.619151
2320.156043
1168.206137
4544.045772
4271.761833
4265.017553
4640.767905
4494.066826
4317.725309
3414.175436
111.934753
5171.321202
4353.557964
2270.303104
1194.757676
4734.196231
4514.908678
4354.079795
3519.400617
3397.014938
4163.575772
4246.156986
3902.854575
4979.205440
4495.178072
4241.099142
3982.981529
4533.227368
4086.920358
4072.392006
4176.263197
4288.506125
4184.286326
4057.381218
4367.534140
4609.640157
4636.599261
4089.778142
4627.194858
4706.195581
4037.359564
3967.676029
2616.214455
2894.786268
968.538585
3641.840520
2887.935478
4660.510493
3291.990419
323.110360
4692.099751
5224.704999
4181.636169
3929.950589
5050.398526
4699.021588
4624.951488
4492.438806
5013.831196
4765.075884
4134.603408
91.706842
4401.321420
4340.160205
4420.810091
4349.501231
4202.906926
4836.414908
4671.827842
3819.564537
4768.202645
4791.097412
3095.579502
546.954959
4198.065781
3436.708513
4203.637033
4153.107538
3655.364202
3725.079244
4499.365345
2628.329186
1040.433001
4858.634806
4785.182372
4071.272219
4215.807819
3918.400928
3252.358784
4255.438922
4843.921732
4277.041962
4807.252424
3355.372712
3444.827976
453.814316
3937.224069
4286.139825
1498.547754
1553.099604
4749.337462
4645.540735
3500.586862
4587.952803
3702.391051
4045.872276
3642.797658
4766.497288
4641.124182
3558.973576
2715.733666
4891.029848
4503.064130
4162.706894
4123.383284
4689.992794
4317.426542
4206.803694
4087.424836
4680.297290
4661.670242
2921.722924
666.719795
3822.757406
4383.094499
4209.009641
4045.287460
4497.585576
3882.604381
4345.082692
4451.200228
2175.112105
1077.597555
3544.901089
5135.621129
4985.272519
3844.048107
3647.942602
40.697458
3770.909480
4127.898335
4401.729309
3429.225624
4070.044863
4086.821200
3942.465134
3387.892738
3745.103629
3833.320276
3355.637971
290.763445
641.954551
3894.989992
3556.952724
2891.170412
1992.472750
4422.042087
3976.984053
2597.333875
3109.183885
3561.511926
2199.866915
1094.694044
2161.434540
4338.286701
3792.172905
1887.575952
3203.721447
4077.771162
3654.509665
1552.017187
855.867431
3090.952420
4230.100284
2394.838492
3555.857475
4283.328134
3909.185221
2854.249295
3524.558646
4300.615401
3997.991519
3106.064716
3502.263492
4002.902516
3646.206051
1653.834867
1638.559487
1125.073809
3654.613006
3222.651664
2870.437231
4058.149399
3958.897961
1841.270728
3411.321004
3932.532222
4120.086731
2240.061781
3563.720088
4300.441708
2381.092100
3621.454331
3929.032750
2613.540264
2605.102103
2760.105866
3928.452733
3858.408965
3109.815263
3341.965269
4156.077578
3550.562363
4282.513814
3050.341910
3864.637912
3602.558710
3932.809936
3393.438140
4987.418600
4377.380384
3523.130271
3076.360461
4049.259357
4026.707106
3580.086196
463.074001
3741.952181
3792.551044
3757.834198
1904.911143
3537.801101
3991.666876
4222.740355
1264.017054
1632.522190
1313.896141
3975.576181
336.391275
2747.263551
3878.152446
3785.761771
1897.704136
4687.971862
3971.700882
3741.469847
2048.050384
4143.781971
2792.380289
3691.138761
3196.905901
4175.824349
4167.916556
3173.346026
3200.352523
3608.856332
3803.339958
3579.377342
4641.169181
4228.842555
4025.881960
3797.238204
3422.418801
3903.431367
2503.941170
3531.926524
3446.247051
3918.853608
4030.488446
3717.855173
4360.788637
4354.528359
4171.881118
2695.515148
3432.328038
4187.460653
3920.258477
2716.022867
3841.696178
4387.508980
4040.104686
3952.373376
4135.881908
4316.861186
3313.534863
3978.096262
3616.233844
4505.814791
4086.511433
3492.448990
3960.869730
1916.675615
3906.057317
3282.010596
4001.671077
3587.431549
3917.214199
606.146376
3053.460271
2758.632262
3918.382008
3705.098118
4113.167833
4330.084272
3785.764491
3690.415103
3462.078575
4873.249630
553.793016
2609.020425
4292.160093
5070.872983
4039.419669
3593.531724
4468.803792
4542.748036
2703.787925
639.240731
4627.013131
4905.368653
4146.441389
3633.012598
4650.448641
3814.035367
4133.690199
3674.037681
4781.263818
4821.147342
4151.488478
4151.614706
3463.229622
311.265919
4407.435873
2484.477900
950.982750
4235.682285
3574.102727
3108.712913
3600.867856
4772.974615
3953.226065
3890.076843
45.725943
2484.045806
982.338030
100.358156
2627.599634
3181.849553
3943.655583
2781.129592
4450.067959
3706.701392
3939.742431
3367.609545
4430.902448
3053.094063
2849.688846
2755.474850
4842.614230
3302.034306
3931.066722
3882.881939
3731.077535
4038.226401
3898.203608
2825.107137
1528.318392
2532.286271
3254.717126
3416.283252
4608.883342
3748.797470
4211.640935
3739.233657
2682.497539
990.828230
4240.113275
3370.366671
3959.025041
4822.057213
4090.692151
3392.680737
2025.391490
1319.300508
4357.314472
3598.634248
3161.286184
4885.090440
4454.532259
3643.774418
3590.371172
4547.254355
4255.033097
3538.075715
4323.121207
4455.865181
3993.736145
2684.097542
4236.243573
4627.794592
4091.513627
3935.664877
4081.188426
4967.352636
4314.122016
3718.722435
3209.742127
4474.729526
4151.933734
672.142189
2584.562420
4568.201000
4557.239272
3900.994406
2651.378366
2025.434224
915.312186
315.600686
3037.843278
4207.468768
3878.002220
3685.796301
3281.138916
3821.805324
4290.319201
4149.401934
2750.221796
110.709096
3487.494060
3531.265935
3741.433733
4526.502123
4250.973095
3892.127370
4005.669337
4422.693524
3946.104562
3542.265204
4623.437588
4346.288744
3930.110629
774.454337
2992.062732
4407.143916
4023.259863
3006.474231
4091.494865
4702.073400
3913.246442
3452.842334
4096.636279
3857.590925
3381.328911
3830.491325
4324.727069
4407.249037
3679.603951
3875.861752
4236.503034
4876.961564
4406.261044
3844.098562
3706.069702
4315.226677
3816.699746
3479.092102
4263.807488
5170.938841
4599.155970
4373.161835
2712.243952
936.448163
4496.499319
4031.695407
3241.604184
5042.649154
4230.316807
3623.556297
1745.560973
2205.136134
3503.872866
3812.170458
3558.976974
3913.689410
3551.255442
3987.342554
3077.826441
4563.407936
4054.645395
3867.987477
2688.689800
1088.155675
3980.430974
3520.385738
4871.621598
4688.812490
139.837557
3087.590853
4026.804326
2887.590844
4308.074033
3964.322690
3693.091820
4460.367362
4297.116355
3796.445367
4363.868912
1575.958105
1992.667518
3564.406524
4484.972884
2615.181405
1105.058885
4042.877542
4228.896092
4691.217086
4245.809282
3246.454820
4852.716698
1831.581067
1476.336626
3376.974597
5014.416348
4509.812546
3695.820979
3584.891556
4793.831087
4491.113753
4262.798820
3870.035370
5258.791213
4893.851897
4152.208358
3291.322642
4736.386589
4957.486935
4533.718582
8.600748
3440.726686
5459.640694
4417.458312
4078.871795
3482.159603
5139.632718
4253.457389
1456.414643
1986.436668
3296.284636
1073.179187
2417.045677
3429.878089
331.101264
3620.054144
3463.606554
2368.532651
5128.756450
3482.855626
3833.820000
2296.886720
347.381340
578.436709
2275.811722
2928.083836
4724.758213
4404.283447
3520.945526
3487.133229
4763.195360
4338.959881
3030.360607
4065.293497
3995.694510
4439.146480
3949.327325
4406.726619
4627.947117
4115.340541
4273.343736
4383.838831
2384.179120
1301.820433
3783.162212
2749.328978
4491.962569
4141.454331
3831.635728
4126.379960
3948.698745
4213.709775
3875.401622
3689.511065
4894.536629
3377.401121
3442.587883
3651.899690
4735.496832
4097.341995
3429.533780
4409.205258
4874.560423
3465.181013
3562.804443
3783.506302
3123.670264
4178.476912
3769.210452
1096.196250
3108.496604
4551.819276
3775.239527
5060.973833
5139.648959
4566.734321
2485.009165
53.164430
1376.495777
4474.773191
4217.714279
1143.600165
3052.408805
4334.094581
3667.467281
3088.888795
4758.152886
4679.457398
3795.016510
1344.200573
2675.102001
4529.585333
4238.720255
4394.091581
4513.542701
4518.096487
3593.374960
4324.204419
4678.469942
1509.555766
1973.618943
3875.896056
4994.878611
4537.920316
3917.251844
2588.749863
2025.224253
1837.972780
4094.200510
2814.965912
4786.988068
2592.133791
788.913746
3191.929506
5114.734752
4590.543221
3473.895354
2523.784094
744.589792
4708.811327
254.292284
3818.558209
4757.801619
4218.483240
4364.459399
5.178364
4482.462758
4178.747302
3765.968128
3440.155369
4588.605564
4301.676495
3571.914328
2881.815814
4699.875454
2867.372049
422.637444
3377.168166
4799.713131
2989.479637
276.669314
4303.047947
2825.809012
4240.717936
3788.942590
3646.947525
4232.440669
4324.213889
3384.102475
3583.369329
4361.823721
3096.254903
4085.756834
3474.931462
4709.134902
3578.454526
3412.709319
2243.968438
4856.748549
8.050060
1867.751485
1655.629412
3732.116515
3899.872711
4007.786045
3860.627818
3910.910758
3771.792559
3531.654947
3195.120727
4532.909579
3923.006824
3295.258720
4387.981647
4261.424661
3842.935652
3477.661040
4717.391244
4691.054204
3638.442496
3356.673266
4517.742479
4588.721623
3827.548967
2949.140698
822.928229
4647.788852
3833.559949
3691.601812
4186.455698
4650.848828
3683.353569
2948.013099
4267.245291
2760.011300
989.590696
3282.457774
4592.731054
4670.021828
3620.324461
3226.601376
126.859370
4721.623705
2645.486556
956.787500
3515.393870
4464.434153
4089.939405
3836.512435
3823.509343
3590.123182
197.074198
3472.587117
4134.527424
4794.927310
3980.014104
3439.794003
3312.994697
5086.756914
4027.644783
3812.930687
4426.147797
3673.344043
4347.799817
3695.766777
4188.357367
4743.377199
4313.687571
4338.228645
4389.578745
3488.209118
4465.292352
3929.610607
4085.255325
4893.168877
4536.476509
4045.074507
2809.848596
4748.930921
4431.223589
4107.461739
4423.174772
5014.716303
4708.148875
3999.564310
4090.462718
3445.637031
464.796415
3793.337392
1026.281992
2702.033499
2198.211806
1143.879135
4520.266997
5012.096238
4470.044709
1510.342213
916.157511
1482.145193
4760.800887
4291.500637
4601.507261
4566.993202
4399.257455
4354.447279
4943.073495
5003.065940
4034.876905
4087.109692
4456.935645
4741.281811
4086.198709
4205.109277
4349.185294
4339.572291
426.537493
1316.009931
1545.740261
3988.522534
497.721750
2010.713215
434.744616
5459.772936
4257.229375
3912.435950
4744.860523
3522.168927
4467.333436
4169.302430
4726.033557
4628.659933
4122.690253
798.101213
2207.547471
291.622139
3986.626697
341.226522
3643.326598
4623.455543
4397.336744
4090.815279
4562.313863
4604.991642
4157.911911
4382.923386
4605.711350
2406.607965
1589.197352
4034.088981
4327.409102
4997.771620
4234.927253
4070.831013
4408.918003
4506.213605
4265.756153
3734.734489
4509.576737
4512.214208
3337.977070
3591.873531
4824.038736
3145.612041
4602.708137
3258.217827
4534.712561
4201.709316
3701.443174
3260.490362
4646.140887
4119.039446
4081.143012
3500.932263
4835.944212
4102.200128
3771.330108
3088.361595
4460.269369
4580.228842
3776.372045
3311.035240
4589.775513
711.804420
2679.450221
3056.594849
612.509346
4157.257002
4504.229299
3112.485743
3848.389466
3920.890671
4493.921147
3703.782219
4123.989170
3348.808115
3301.115747
3953.317329
3236.952649
4299.283699
3903.792550
3752.573663
3647.323071
4524.238120
3828.295649
3650.933373
3831.489777
3261.241117
4151.562404
3613.107706
4136.568539
4716.561772
4556.317529
2940.191712
4001.968202
4448.555732
3827.940393
3475.642119
3510.924983
4262.060863
4489.514559
3592.073281
4466.540757
4566.003686
4190.744240
3981.591085
4253.929521
4868.009991
4236.742984
3396.225355
3573.327401
4548.882372
3857.571268
3739.739053
4140.526272
4746.230681
3789.823565
3650.041513
4023.077315
5040.572370
3561.823259
3800.952458
4032.084542
5210.123778
4288.670863
3460.817908
3368.925199
4969.380967
4066.619281
398.289076
1401.345118
2163.154193
4310.376415
3837.679431
4142.150356
3388.991870
4216.205078
3940.434879
4464.028491
4832.821561
4192.644561
3846.430743
4453.877500
4536.469276
4004.450074
1494.057369
1718.216512
2911.690339
3588.888210
3768.150212
2659.011670
1597.307415
3997.339160
2938.068706
5135.012481
3489.357277
4405.957850
3043.564594
4586.590569
4229.653662
3756.730257
3348.999098
2598.850096
1558.088359
3904.288891
3335.411201
4289.137218
4278.258080
3881.519803
3307.646582
4146.742071
4086.626413
1517.409845
1194.879570
4088.549763
4220.264519
3313.376523
298.831896
3472.276991
4492.370083
3823.608534
2590.862598
396.497304
3141.505037
402.125747
3258.011926
3860.121071
4285.826548
3924.160956
3623.136100
3627.634536
2631.373101
34.266898
501.105781
4212.250343
4341.339628
2779.080643
2117.774588
3313.468028
3736.104215
3677.891380
2643.524555
4356.126925
1248.856318
1984.280097
1429.516009
4592.662000
4057.598852
2888.950437
827.067560
2326.416942
4021.230196
3808.565050
2892.500969
4083.485676
3519.235970
3936.822939
3495.281853
4452.932922
5295.697954
3973.712340
2654.397537
4329.439745
4329.629495
4246.923596
3778.986397
4409.454900
4735.221735
4168.894957
3613.879297
5066.221887
2065.509946
206.761945
827.761738
3938.295477
2391.648014
1091.488947
1384.836879
3959.297082
4208.149407
3616.927012
2779.623952
4436.170370
4027.257488
3839.846013
1605.157202
1305.476183
3699.531296
3847.401059
2558.812350
918.573627
3195.963092
3987.467131
3252.121854
4890.449729
3641.309520
3988.670716
117.839034
4718.606068
4192.179374
3935.601592
3433.251790
5129.564070
4016.400044
4008.995155
3785.303134
4581.996498
4195.402611
4034.987708
2456.159502
4408.700077
4078.135828
4028.176937
3575.873202
4652.776210
3657.041820
3637.814588
510.455523
3031.066278
2554.309200
3876.608256
1591.201926
4688.497859
4802.987048
4319.920264
3694.215503
4288.162188
3602.416421
215.710626
3726.014357
4819.293652
3561.951054
4091.908030
3819.826523
4710.836951
4947.315407
4031.540159
2614.813286
4378.748450
3059.596153
4285.460565
3383.607755
4287.577128
3085.023564
3889.738278
287.610175
3360.506946
4811.961442
4091.356922
2036.950345
4335.326517
4468.381502
4269.415508
3310.507368
3183.903359
4435.887248
842.109251
2436.723548
4403.020826
4753.937515
1325.809498
2235.208556
4169.864701
3607.758251
4107.318255
3405.549782
4208.806903
3151.266910
4081.966318
3376.881309
4919.199499
3796.973292
3963.103061
3786.457557
3556.901322
388.385865
3932.651437
128.000992
4090.186677
4713.958446
3848.667628
3484.866560
3677.561111
4716.690790
2629.204421
513.404845
4339.107619
4972.271378
4128.890551
3707.354021
4411.641378
4939.249963
3949.960865
3935.685909
3663.817500
4808.115358
4079.214262
3234.961143
4487.331389
4494.848390
3818.011613
3504.676021
4355.501440
381.038937
3300.724413
3131.383714
3401.798431
4451.960955
3506.810831
2962.493843
3708.391449
3308.102940
3738.184709
1310.785798
4078.350778
4182.802102
3569.759758
2520.201138
3835.834190
4054.338004
3797.911389
3489.069444
2891.080711
671.045065
3935.647252
2633.439029
3972.411723
4294.969409
3906.684529
3603.608581
4724.572846
4629.444354
3998.694055
3088.535769
4560.539384
4287.116849
2145.187614
694.121981
3824.225400
3993.334551
3675.190766
3577.630817
4634.893436
5027.039005
4137.416835
3174.373230
4765.167844
571.208556
3066.734281
1652.526944
4070.202054
4328.006861
3766.346211
3128.276113
4321.009927
3917.733838
3205.439258
3194.085801
2448.313453
1693.529680
3986.760040
2960.456427
4987.223860
4388.350105
3854.574156
3596.051439
4515.025564
4725.391918
3894.207876
986.372181
4034.414650
4693.360389
3901.713104
3477.304258
3434.859949
4873.647861
3440.314805
3203.421089
3898.750565
4070.249328
3913.982711
3311.445726
3517.630509
4759.521743
3817.419680
3426.266199
3885.319201
4933.673372
4375.593054
3149.039297
4161.006198
3773.086893
4052.075024
3296.898518
3495.970094
5046.067141
3977.780783
3611.055145
2433.092175
3483.221746
3620.497446
3345.572320
2983.013094
4655.977065
3811.530923
3372.286062
4307.442605
3255.684369
546.708185
3271.905535
4726.049729
4745.826542
3841.964966
3557.557870
2697.968823
866.351142
3476.740062
3010.620357
4324.526114
4378.503007
3999.384686
3290.724902
4182.199831
4654.046116
3833.849865
3279.160082
4310.527857
4423.006790
3264.788331
2839.978598
3978.210724
4527.504242
3486.467766
3149.928463
4486.407090
3933.232081
3600.612429
3206.897556
4491.950468
4623.246439
3368.987148
3369.912836
4714.462987
4180.597388
3631.915425
3020.776221
4296.274927
4194.225859
3379.247149
3084.648281
4399.543878
4674.734726
3811.125012
2531.496627
4712.738374
4709.521961
3552.846597
2856.098969
3553.583535
4228.219171
320.256291
2914.215829
4713.765847
377.040208
3479.022492
3651.478527
4358.695601
4698.341280
458.179635
2663.875523
2573.691215
1083.961173
3765.346050
3174.780852
3918.054464
3903.929094
3410.882498
3359.170617
3640.110988
4673.908048
3878.126507
3245.104834
4127.656955
4797.510303
3965.343050
3713.704351
3262.278549
4891.170899
3560.023060
3352.181689
3420.876036
4954.258623
4263.817858
4255.341737
2714.691893
711.965587
4460.848480
3559.508483
2656.145817
1294.336882
4017.423084
3526.771153
3574.897984
4991.787752
4342.601898
2246.119714
1361.905226
5223.384900
4220.570811
3684.323016
3176.605650
4886.694203
4317.893860
3425.208154
3396.199786
4602.759523
4280.857149
3681.434410
2514.456818
5121.807798
4368.463018
4081.358850
2821.875770
5264.444459
4513.892880
3681.991288
2386.807646
4091.585825
4213.936313
3838.442454
3004.984737
4312.197307
3958.857131
3717.807814
3636.533686
3748.587444
4330.189298
3796.219994
3531.297970
3558.752672
89.122348
4376.620797
3542.903714
4782.827774
4698.070076
4016.480453
1038.404974
2243.389977
3980.540746
3861.661084
3230.384189
2647.771445
1360.951178
4157.133073
4069.341914
4871.083820
4340.252700
4235.989758
2983.998237
4964.281161
4111.342620
3891.522744
3652.682624
4981.415411
4179.382741
3897.679462
4594.763770
4338.947421
4054.956771
3708.531451
3297.016465
4630.872766
4038.678896
3112.833795
4954.393601
3216.824189
1374.703853
1721.525233
4577.818569
4761.368025
2558.812826
928.603585
4246.583105
3657.091087
3953.011664
3569.933322
4240.818453
4722.678089
4062.101327
3576.103067
2178.254484
1926.440297
3538.978213
3600.220234
4075.140177
4837.556242
3818.161549
3009.737907
4063.904939
4340.806331
3044.148071
3274.703563
3702.653993
4522.084688
3796.717878
3653.087852
4592.940745
4428.163984
1285.837302
300.282558
2089.006687
4483.483205
4017.148146
2960.877629
481.170225
4527.966614
3510.361228
3966.191091
4526.402524
4739.147149
4028.891186
3566.825999
3989.497048
4521.873764
3480.437255
3598.065883
4637.144577
4975.775475
4248.602163
3616.860575
3161.654436
4849.118111
3913.097843
4171.876229
4260.385197
1367.123758
2856.279253
3620.502008
4318.135682
4735.342636
3836.176949
3960.617171
3991.143499
3592.781881
4552.672972
3804.753259
4904.109101
4991.115586
3979.019731
3214.531698
4836.588101
5190.480965
4188.744783
3667.593125
3509.306938
5269.783270
3967.959287
3468.233497
4127.871767
4736.746400
3712.020370
3030.488358
2481.910028
1765.613987
3679.712959
3318.257835
3545.798143
4835.592853
4599.755253
3934.536994
2345.783794
1523.595914
3007.372028
2466.037678
668.221863
4415.608598
4061.322910
2687.987894
4187.837212
4221.484305
4372.016995
3229.399731
3087.726814
4968.818343
4137.278249
2546.582691
3908.269080
1980.376676
1686.880499
3513.596674
4374.978564
4998.721526
4045.682893
3464.210963
4846.202970
4958.824294
4236.805898
3691.327106
4447.668858
4653.809269
3847.350053
3722.843943
5412.282292
4527.258415
3958.025713
3674.311025
4532.962399
4652.116749
3994.708234
1789.788454
1969.341047
5190.055925
3753.317454
4078.838664
1614.242156
2970.140632
3992.623023
3981.552882
659.851467
4114.135005
3491.797816
1835.859878
1630.465373
2833.182233
1019.590886
3416.762716
4884.516606
4637.702546
3590.281156
3368.327711
4588.279966
4623.085994
3665.141526
2452.754602
3920.857672
4557.505306
3521.558317
1189.299111
2128.416027
3976.094489
4220.520489
3332.388979
4503.116076
4502.676371
1263.326668
2153.606698
4592.179182
4649.076228
3306.087231
2825.422410
4709.422695
2491.342630
1003.914040
3279.642597
4956.628351
4265.290679
4461.923019
3285.287469
4860.788169
3721.029349
2550.645481
4.820091
2984.425498
244.972418
3914.114509
2479.818159
788.939164
4031.714660
3808.982613
3110.420142
3913.900252
1790.730621
1706.411637
2953.233537
4024.989675
4456.144034
4510.842244
3254.601676
3003.785017
4594.690606
3431.472945
1602.981087
3650.435322
4420.991098
334.611496
3403.010048
4270.029098
4610.075766
3849.521568
1346.103886
3920.497970
4777.770549
4002.817471
3365.692244
4283.541288
5423.495910
4068.872763
3245.495150
4094.006678
4189.519344
3968.903769
3596.427843
4216.801719
4789.358426
530.736938
1254.784377
4079.387965
4423.321808
3868.653637
2757.987441
4507.739337
4477.602262
3781.411808
1861.998573
3869.502567
3374.281947
3033.050493
1073.891853
3949.494754
4602.864548
3882.168274
3216.631509
4342.578926
3032.170671
3951.086111
833.716554
2287.162115
4518.073213
4051.237210
3196.261597
3846.412528
5029.839443
4123.456489
3251.987088
4181.899530
4730.779430
3867.092578
2935.731906
2587.203460
566.014829
3938.663590
3178.727783
4556.154318
4518.887176
4069.700246
341.022543
3660.012967
4794.475495
3863.988625
2957.346522
4153.042157
4689.824338
3847.936052
152.205702
3033.822055
4808.634892
4019.698575
2863.646887
3430.479127
4825.274655
4410.632697
2863.927648
3684.738487
4623.740564
3893.282828
2376.317799
3212.511298
4666.367073
3221.112391
577.390654
2493.143311
0.000000
3770.684538
2009.045426
3438.966285
4686.782107
3176.933987
1802.523136
4196.061413
4736.880414
3853.738327
2322.383049
4311.427626
4286.380382
3437.383173
1488.719223
2604.069516
1004.640348
1970.168693
1015.173041
3544.571585
2474.937879
2662.030092
3589.701666
2966.534128
4774.867105
3275.236371
2546.451338
3051.849695
4752.882540
3915.864320
2417.390472
345.269978
4275.782391
3817.546963
486.941308
2035.415619
4540.188332
3061.058861
3684.228267
2246.015492
4633.909445
463.927577
2239.501949
1738.441350
936.487573
2536.471085
563.822598
2106.723216
4965.142739
720.852184
2996.207556
2379.926161
4667.122756
4471.968110
3518.418876
3033.069498
4484.114396
2866.891627
2590.585004
3628.224389
3296.979995
3138.963454
3381.485461
3152.108512
4638.424713
1693.176799
619.627511
73.235736
4021.602327
4127.502095
3510.829734
3900.426643
5001.775162
3821.203406
3991.682501
3805.292538
4387.735293
3280.427185
2072.005967
4225.323333
5190.322334
2968.243395
3034.203901
546.091481
3082.328031
4206.455356
3543.203578
3686.771306
4681.980220
431.154849
2751.369729
3306.771556
4690.699581
4172.484105
3874.901794
1652.577667
1971.873405
4173.372660
3704.800715
2917.142905
5404.171680
3007.053491
3942.629356
4021.098649
4531.180153
4189.854260
2811.238201
34.658825
4232.594418
4078.321939
2222.469992
3899.334539
4963.828308
4386.859672
3216.555625
3497.372472
4954.545935
3891.074483
3057.977253
3896.785209
4709.643257
4231.771935
3569.473045
4160.304071
4990.748735
4474.918054
3504.507449
4017.539305
4240.992980
4125.422770
1579.080258
3580.426661
5161.702421
3636.110666
3801.976992
5380.735638
4889.829974
4246.915501
3924.205231
5151.696724
4884.577082
554.668291
1209.720098
4920.387542
3362.133302
434.092463
3622.041094
4237.597313
4968.892585
4133.884285
3804.204685
4540.523778
5170.473970
4294.947749
3942.878425
3836.224415
3315.805774
468.291712
3841.618703
4122.484255
5178.658327
4208.204957
1704.863262
2210.353397
5140.450470
4269.472026
4139.864162
4546.195570
5066.557337
4359.569471
969.568078
2465.271336
4978.573092
4429.163707
4004.701575
4562.392896
4217.392927
4446.769246
4147.203996
4582.461947
5457.983555
4028.366219
3942.799999
4689.685029
5366.974379
2050.625431
1685.504302
4505.433519
4471.564284
4138.889030
4140.297970
4696.617562
4349.800388
3438.809392
3406.841772
4771.525448
3736.020025
799.028121
2700.911059
4697.276660
3943.127142
4224.316559
3153.587339
4542.383728
5441.186922
3941.173589
3837.780111
4538.802751
5094.245867
3996.877024
3492.158192
3523.543698
4897.298033
4687.275029
3520.304681
3327.842001
4743.934683
4402.667872
2908.978418
4128.445502
4878.605075
3969.685136
3689.108828
4157.843815
4883.553718
4520.904710
3646.778508
4358.136823
3843.065631
3986.572087
2580.421853
4300.281570
1473.368257
1959.726769
2658.359800
3940.465789
5401.739850
3514.201547
2125.829736
1368.056259
4890.691038
3140.477128
4034.809806
3619.267543
4885.197476
4586.197880
3316.459811
3538.937704
4783.758564
3587.162744
3843.149700
3940.268582
4509.285009
4191.963970
4009.055789
3733.318902
4832.073267
3913.379714
3777.714352
3949.265203
1825.426139
1670.239684
3362.943558
4006.191773
4184.920613
4591.858640
3226.250602
4194.937483
3695.183375
1341.030973
2323.757471
3080.855938
4805.049142
4160.614810
2835.653520
3536.362772
1676.199115
2445.667260
3237.408083
4057.661460
3914.712384
3686.513530
3354.207184
3950.913006
5507.263467
3658.965027
3911.838190
4188.101154
1985.252897
1575.043738
3507.540845
4703.852222
4675.853449
2406.197528
671.738614
4465.754128
789.695731
3067.925435
2944.209450
4156.418931
5018.434099
4022.028076
3682.724951
4879.904335
5053.478057
3905.233609
3399.328446
4440.469906
4868.352720
2894.333053
489.141186
3868.230716
4864.801073
3877.284863
3113.593032
40.400421
5121.011531
4253.758139
3559.558644
4444.667592
4622.189478
3589.055731
3569.990959
785.886499
2690.511935
4117.379757
3288.306427
3565.983434
5311.605539
3802.138473
3586.369768
3419.001644
4608.283096
2395.167689
743.527673
4202.408499
4600.946355
4350.390321
3999.332027
3675.455818
1624.121341
1637.566949
2340.308771
3817.140853
4226.057500
3890.556059
3199.578656
3847.030608
687.835872
3135.393717
3190.595613
1650.696604
1270.907477
689.122102
560.203310
3368.668919
2316.120550
1249.779853
2917.732583
4157.398725
4438.049589
3780.985939
3142.270897
3529.115294
4155.254796
279.043612
2536.378298
5019.310101
4026.616490
3930.815940
1753.990628
3915.153984
3786.993192
3516.110426
727.477309
2261.346998
4048.437456
12.592680
2637.228359
4033.673409
3489.546746
3433.285787
627.691020
1253.603953
1239.611867
3238.420536
2635.190437
4321.915383
4141.897101
3741.008537
2310.235160
3619.206510
3678.905846
3182.179614
3267.726207
4181.330858
4218.843184
3506.781200
2854.517388
4114.657289
4129.607262
3794.248103
3085.243219
4407.951208
4483.511827
3727.279538
3357.845868
3743.814175
4196.660935
3869.788195
3436.387857
3386.540111
4373.909934
3943.348843
3468.413531
3307.476773
4528.938217
4074.307133
3623.908291
2352.118202
1862.070350
3252.869791
1598.583018
749.603817
809.797773
4059.407186
3182.884374
3897.434218
4794.445710
4036.921717
3288.393928
4703.926351
4839.349187
3799.497530
3384.763002
4505.355901
3281.778724
3137.270631
2771.520272
4689.415643
4755.981306
4014.926956
3485.183325
4199.393206
4849.944822
354.962619
3405.091014
4684.336238
5420.313100
4081.411188
2785.910395
5004.391995
5018.153100
4005.440231
4302.616948
4510.006406
4974.554625
4177.773374
2496.407796
731.246533
820.811627
3221.756569
3607.942963
4298.933724
5466.025523
4501.384310
3848.555939
867.863238
3748.953803
4235.328938
2531.001933
4178.680773
4778.725203
4064.570223
3229.958638
4554.681154
4636.707085
3757.412207
3117.656706
4215.570232
4979.202580
4265.093867
3600.185702
4204.074378
4867.482795
4054.234322
3728.881616
3439.520278
473.676613
4072.129380
3447.065326
3897.272410
4880.947920
4253.014140
3582.220015
5054.186604
2901.670137
1140.764473
2446.599768
1438.042855
5134.745051
4030.456062
3518.365941
4243.952937
5004.060690
4031.789923
3724.610331
4391.937208
1503.740444
2349.074683
3595.462772
3410.395292
5069.590420
3778.670845
3568.142727
3370.818528
4881.090318
3543.255450
3592.933208
4077.622092
3967.173071
3787.842901
3724.995641
3273.039993
4641.212902
3773.258285
3320.075133
4161.185486
4674.352271
4062.283716
3504.249708
3673.145684
4812.650551
3732.676091
3471.035515
3456.162084
4518.566048
4156.208920
3559.074844
3855.423403
4602.673984
3490.930529
3604.721711
3779.792621
4545.555065
3643.017338
3025.795208
4052.867574
4542.305752
4037.949383
3345.436368
3719.877546
4596.714260
4294.119938
3490.076095
3360.636785
4664.280234
3200.584357
319.715595
4038.721862
4647.317070
3556.450671
2571.407848
1097.012501
3786.729543
2401.125824
1136.464165
3998.004749
4645.053809
3858.293552
3175.777210
3987.644716
4628.895803
3450.207755
3705.378075
3583.309741
4774.504122
3794.113861
3749.103015
3743.585987
4138.931242
3578.541509
3571.752617
3576.901251
4654.363652
3950.437075
3121.629215
4097.870435
2171.646778
1440.291308
3488.559879
3145.435845
575.739499
4094.137897
3384.413269
3999.934054
4534.768628
3404.794781
3891.886406
4239.592451
4519.438896
3895.110435
3362.414731
3659.198258
4493.772179
3606.900139
2774.532701
4697.766663
4841.160377
4517.801237
3938.010318
4631.404866
4983.860322
4440.252901
3504.426622
4317.361290
5163.587975
4133.778235
3805.561466
4108.832691
3638.448044
194.553410
3480.598150
4116.434476
4134.560151
4025.637488
3147.249000
4257.400742
4560.488943
3981.539424
3623.593316
3525.256053
5039.570050
3986.891859
3455.586204
4251.604837
4884.896218
4024.983372
2901.135378
3660.780384
5100.254239
4264.493942
3276.416229
4676.210460
4971.284996
4193.332368
3635.721858
4566.599810
4017.289740
4209.259837
3437.372496
3729.571668
4028.645863
3440.642299
3295.542160
2824.515029
5232.626563
3871.077267
4060.933540
4050.501347
5013.679657
4308.185660
3616.334651
3431.361810
5239.074515
2850.096662
471.178061
3712.889329
4914.816483
4015.177199
3323.517080
3815.962956
4850.235531
4217.046467
3410.086787
3995.041257
3890.945206
65.242735
3779.637208
3819.558622
5089.643654
3641.867743
3556.589300
4002.026417
4954.898723
3549.519649
2979.540281
3693.279460
4969.878112
3856.983285
3018.418739
4616.178348
4579.376689
3295.379216
3171.214331
3744.330911
4713.925221
3816.611549
3356.273090
4580.488073
4694.703496
3354.713911
2557.212388
4028.288046
4478.179898
3702.205736
521.010456
2899.187793
2853.063134
687.636202
3315.435454
3620.441736
4240.426154
3607.913050
1588.432231
3830.626150
3991.038490
3452.069562
3077.311344
3130.422621
4069.335568
3123.724294
1916.122934
259.604859
3155.300693
699.724183
1685.021904
3192.097231
4174.036277
3248.583552
1311.641804
1675.457389
4305.887018
3227.914149
2874.847523
3500.035041
4918.047258
3896.001522
1328.777399
1888.808477
4622.094245
1320.065929
1832.421480
4319.029608
4331.482760
3443.461551
2856.261031
3082.913513
465.029746
3508.054727
3277.770686
3831.889887
4197.682374
3519.517275
3375.734823
3322.330136
4101.854240
3403.100120
1884.282733
4254.589184
181.489632
3105.404392
3313.188842
4582.996229
4133.462921
3311.376393
2797.854020
3389.933690
305.535260
3595.417565
3432.030626
4353.937149
3941.716140
3409.366898
2914.069222
4161.835954
3331.485983
3298.075241
1772.424675
4168.378981
4004.732927
3381.204262
737.910865
2236.590213
4349.253405
844.527894
1762.083967
4135.510891
4534.501292
3881.945271
3202.320670
4632.524773
4660.963513
4066.210424
3187.995460
3561.672360
5313.152374
3786.347719
1602.011929
4502.479846
4856.543200
1398.592315
1311.784997
4455.717768
3005.959278
752.735799
2917.800377
4670.024979
4405.215734
3841.923974
2480.222227
4365.197288
4514.817058
363.665943
2114.484822
4972.476763
1685.665726
2142.712639
3474.065822
2039.852274
2192.810553
3873.965883
1506.689021
1767.175756
3627.713818
3677.582302
3549.930393
4300.909520
4404.076616
3916.647152
3493.335525
4262.145761
4765.678390
3873.534237
3821.711035
4420.397158
4504.958866
3889.612279
733.131894
3232.433735
5374.452524
3949.559268
3524.345718
3437.186997
4234.987509
4300.755415
2958.129705
4348.468885
4976.487119
4044.318528
3097.860637
4559.355368
4803.971061
4104.541930
2221.376015
4355.487189
4923.773214
4094.813726
2910.145044
462.448369
5265.372152
3672.460068
2863.891168
4849.718649
5017.267022
3890.478781
1267.945730
4658.944333
4785.610299
4073.022212
3368.677474
4673.741373
4592.443999
868.449273
1165.953606
5058.829916
4659.917980
1283.415423
115.860558
4581.416680
4126.252597
3905.862040
3855.370503
4950.627038
4599.689104
2747.938368
96.493765
4802.617495
4912.294864
3258.423261
1557.153223
4803.135177
5192.850033
3739.893375
3479.360998
4508.186210
3948.483034
3300.123431
3743.621016
4484.318600
4385.335906
3791.076293
2569.268275
4568.028569
4219.694480
3641.199170
1648.771785
4883.173497
3817.979803
3058.644704
2098.598401
4739.033841
3751.954409
2989.882276
77.152482
4359.664679
3913.940317
3593.357272
2209.319291
4046.422956
4066.123107
3717.027806
3055.666397
4785.364448
3096.704803
2500.964966
331.810408
2716.161046
4316.972214
3055.706243
243.591207
3732.669897
3407.012520
3903.847104
2387.300860
4417.669273
799.177063
2857.827751
1980.333117
4356.262610
3672.218083
3480.059224
531.378689
4018.333836
4776.778220
3688.966521
3257.054941
3863.677775
4548.546297
3666.751975
2007.497632
2959.521765
110.383404
3506.706411
2977.720711
331.853371
3879.795367
3444.879360
3041.218769
3584.221413
4104.676546
3432.067951
2551.741060
3782.464781
2556.660347
1006.250895
2554.354887
3920.702248
4293.755739
3194.030585
744.926293
3714.949177
4142.996927
3133.629165
536.480563
2230.131645
1414.121065
3272.113191
1759.035671
4100.771533
4245.613691
3496.648788
1562.556904
1472.170869
4310.266752
3651.398892
2982.057553
4223.189125
4537.018142
3962.747606
3004.899011
3684.836403
3560.679107
225.110575
1259.153990
3926.457138
4779.437048
3727.754756
1827.993250
3976.098829
4671.908892
3956.499290
3230.699939
4122.078496
3944.455876
3739.164819
3690.433781
4054.484276
3542.575758
3424.592545
904.656764
4197.687429
4722.206964
3686.819492
3273.256894
3679.134283
4210.179422
3144.517793
2129.070604
643.935300
4137.027983
3306.885714
1873.671718
3105.696516
3955.723618
3524.775225
1652.253706
1076.057178
3281.764197
3303.802828
2658.967998
3645.154688
3451.908835
152.108561
1798.684075
3495.052505
3262.127520
3367.859588
383.803777
2668.702359
4166.614395
3498.170501
3019.907459
3665.952114
3011.403182
3328.953193
2419.580352
27.244109
3880.488392
3182.676282
2999.770983
3442.746521
3336.272226
29.775692
2834.046414
3909.585150
3993.771178
3332.158006
3328.068252
3999.184241
4309.289287
3548.201534
3431.755953
4488.157557
3419.782048
275.826565
1694.634085
4265.267949
4183.015635
3502.543632
2350.471235
4075.225585
3690.809965
3594.687835
3090.745408
4375.420347
2584.401235
1085.743930
2549.094638
4391.297273
3858.217954
3467.509061
2734.017056
4406.875471
4413.127365
2921.058194
1257.817636
4568.564104
2859.874839
3074.570661
299.776688
4479.513264
4280.808647
0.000000
2787.517765
4651.643172
4095.760326
3570.021742
944.406750
4930.553244
3146.485461
3649.035180
3036.648729
4756.746475
3851.929002
468.762394
1067.658078
4622.694385
4292.023998
3640.519501
1115.659450
4426.116063
4091.590479
3704.633571
2550.109467
2655.160915
1338.060432
51.922362
2228.328781
173.361716
4469.054413
3358.762231
2937.353752
4415.324167
3697.004082
3872.391849
3700.185147
4387.335358
4446.200542
3465.479035
2297.594472
4204.323334
606.852737
3269.883721
3453.459402
3833.994069
4642.312411
3776.082824
1827.898466
4005.827861
3119.003045
1990.307097
745.163529
3798.613065
3104.182223
3563.344715
2514.642040
3542.265292
3734.831226
2752.872813
2489.262111
3577.538347
3874.307662
3601.880694
2178.787930
3553.048114
3428.692113
3139.763790
2696.370459
3799.383340
3839.899147
3530.636883
2321.244294
4155.659300
4137.050534
3712.945894
2376.758122
3422.657511
2838.597080
1241.959915
394.816157
4094.838427
3899.983018
3562.272467
2080.737573
4256.149307
4214.164970
3665.062068
201.686690
4303.697085
4041.301186
3886.426991
2947.717521
201.273457
3495.130943
3514.756881
1453.454332
1683.872307
4550.335084
2845.239204
607.641991
3132.167613
3495.978226
3330.381919
2774.428200
3467.104022
383.242802
3280.291610
2439.672796
2166.318956
1915.951842
3472.260613
3439.430978
4033.976990
4494.769141
3342.468699
3637.798054
3981.863575
3657.292095
3923.330261
3379.448387
3924.389770
4071.358580
2299.621895
722.399046
4020.948013
3070.972720
322.443439
3059.087168
4045.609964
4631.706034
4055.005667
2080.137937
3575.532542
4820.690204
4209.830702
1783.070868
2491.361195
3954.779288
3287.261263
1860.325417
536.054037
3653.317942
4096.518914
3254.118413
3699.308109
4771.346725
307.835409
2349.618171
3952.227474
4661.827818
3831.045347
2727.613302
3647.067158
4729.678590
3812.246384
3219.221507
3486.248899
5153.482651
3766.419098
2186.232580
3568.290097
3022.684320
429.951483
3017.599529
3779.034252
4604.485299
3056.930502
875.166307
2201.260449
4699.072737
3800.845409
3328.668791
3624.747690
4277.664587
3307.030444
3497.028150
3232.911067
4585.387615
3771.573222
1818.272434
2841.802253
4693.728290
3818.682895
3739.437500
2558.048876
1277.992712
1144.112392
865.870976
3453.001636
4634.625934
4055.221505
2958.193381
3621.041711
3872.211098
2898.838792
3096.982014
2726.643533
4598.879979
3212.479874
1681.924947
3986.290592
4365.558398
3798.415267
3161.995285
3400.553634
4699.577467
3686.178398
739.490108
2455.255391
4708.761766
3855.587999
1766.652772
1189.011935
2776.333540
3898.581616
3518.390916
4044.086984
5131.929712
3609.213059
2585.290096
4146.489378
4607.504122
3774.034930
2873.594737
3879.530767
4311.621047
3841.541975
2820.187670
4292.300225
4607.328316
3794.887805
2916.930642
4277.731929
4473.260115
3900.214838
875.921963
4061.082363
3886.283484
3888.673735
628.890119
4418.558374
4536.160046
3725.650680
2693.468245
4034.965107
4320.284480
3919.135971
2895.463886
4243.169961
4519.264017
3982.237271
3651.724972
3196.239931
4830.062281
3841.905372
2342.956059
749.311220
4775.697404
672.414306
2156.610089
4856.156216
3615.715159
158.953591
3526.329726
2181.351943
1231.492020
154.438656
3536.939611
4210.642246
4259.617521
3977.741377
1479.151712
4512.214012
3411.900320
3900.194066
3081.335085
4478.213281
3025.938254
342.300608
1324.167100
1989.125691
3287.573520
844.037990
2235.940197
3424.138529
4228.191613
3933.690051
3650.453084
4719.554275
4518.066578
3948.801541
1633.428836
3715.214992
4982.751519
3856.006541
2812.356032
4260.284419
4642.781241
3157.529542
3705.646046
4082.521663
4800.761004
4080.266321
2448.329379
3986.324017
254.705709
3043.955163
3432.854802
3797.272822
4517.351000
3878.374388
2739.840477
3499.611562
3494.151270
3776.265366
1339.278213
4197.369707
4712.747827
3744.167978
2328.647329
425.297147
3756.728548
3752.743203
2395.740965
4398.389926
4541.560756
3641.651103
2137.802257
4356.764863
0.000000
3571.919495
995.326179
1667.942430
3930.397791
2618.844741
3637.408902
4375.124255
4009.567771
3920.055058
1902.457225
2177.607586
1786.009996
3139.545404
2635.601170
4140.194264
4174.325574
2601.597902
1277.407361
4340.797551
4449.842212
4186.879943
1878.459748
4046.903733
4358.437276
1526.241104
431.723288
4317.880322
4247.178244
3894.753089
3476.638608
4157.469813
410.428997
3416.580769
3498.570850
4056.799420
3882.666818
4188.251061
3624.055296
4348.232151
993.892069
2783.000388
595.880433
3847.558395
4599.147821
3364.305463
2317.529657
2449.133805
1709.129906
3996.228739
3714.377412
4237.142688
4639.911279
263.872625
2048.174321
4102.911502
3501.574394
3604.036357
3550.275353
3966.509517
4552.974032
3991.133589
3383.752842
4209.615516
4419.527147
3876.789313
3340.959108
3910.417678
4528.582873
3367.533119
1706.394058
3947.663745
3779.637617
3734.932267
3447.259011
3526.820330
4360.690005
3560.791588
3583.481398
3963.611316
4402.610424
3599.282199
2233.352106
3937.710061
4238.188501
3555.393259
2257.136370
3224.263870
355.677299
3732.930894
2785.118741
3691.202766
4374.937942
3709.687998
456.237672
3528.019460
4217.086546
3397.058949
2942.700116
3633.917620
3126.601711
3573.796040
1254.591352
3414.917034
4164.847422
3627.529580
2630.656000
3538.878583
2713.845051
849.740565
2852.112866
3616.460607
4081.354454
3686.200142
3484.401817
3975.440573
4234.308892
2595.534248
3375.345526
3757.226779
3585.894388
3577.709240
1615.684049
3651.840764
3808.863685
1702.815102
19.747244
3698.629899
4047.455846
3655.617064
258.174719
2681.291765
4104.530982
3641.860023
917.942365
3745.570163
4255.932063
3687.173359
3302.898056
661.366265
3043.456461
2726.189765
3269.638759
3294.739403
4246.465208
3692.543255
2250.142078
2928.681371
3853.365021
3508.900680
1724.414839
2752.040623
3980.259466
3618.203302
3059.685194
3692.958357
3934.879759
3485.679639
2389.108708
2116.735369
1349.489112
3732.212129
2741.778100
3582.082168
4382.167206
3910.593844
3575.397470
3713.896518
4553.548478
3762.292933
2565.466683
3431.557231
4073.653376
3915.053846
2819.185039
3220.764528
4576.414907
3962.353918
2910.015338
1994.270071
1407.111695
3812.994756
3330.190000
2770.956686
4521.164101
3799.851595
1398.648267
3139.884487
4110.026971
3555.033320
2490.386684
2859.724562
3452.850619
3306.286512
2772.109372
3460.395312
1701.726838
1731.932537
3213.360045
3325.162260
4418.281863
3624.245099
2573.141144
3718.983945
4536.567265
3353.922187
699.021630
3531.936388
4136.965460
3676.709263
2016.750502
526.026237
3046.247873
361.540963
565.562225
1708.835890
1945.074303
3606.757556
2825.533426
3666.452628
4088.818944
3655.617789
3490.256736
3225.928410
3521.083116
354.508957
2662.896945
3109.424149
3929.635160
3114.804036
1461.208736
3843.706317
3409.845621
594.093500
0.000000
3684.258749
4108.482149
3439.374713
24.499610
3481.916302
4202.004020
3655.682012
528.467569
3345.336065
4317.325867
3582.817863
1215.145505
992.800111
4153.725474
3563.486563
2547.138458
2766.665703
4139.088902
2657.360021
0.000000
1604.124425
1474.634602
3067.663972
573.268251
1924.057962
3598.884302
3194.429172
788.984200
3165.611598
3963.790373
3463.607171
1085.200929
3398.443952
4100.070217
3839.141026
2502.555782
3367.063966
4044.178612
3771.062720
3377.943051
3534.558067
4264.031452
3540.105909
2022.981271
2982.121044
2915.704147
531.991061
3438.535639
2962.807386
3984.267216
3471.482666
258.479459
2991.795451
4004.533405
3325.725383
263.994441
3172.070865
55.957361
3640.968635
1915.444289
2523.484291
705.557903
2793.955134
3321.254179
2855.600502
4160.897008
3063.576763
3254.238334
2959.280897
3965.696920
3141.578416
2183.133409
2744.225493
3939.896323
3555.054321
3361.927421
3100.101939
4000.128357
3626.507195
3594.289830
3407.851920
3810.846021
3641.466156
2431.387231
53.615397
3867.065247
3668.970176
2253.699831
3407.518171
4068.676145
742.247533
1099.877103
3485.948853
4263.588222
3646.562089
2543.179125
3634.876215
4012.868190
3463.167650
2714.738419
3509.578644
4170.745726
3693.329995
2927.033728
3864.795918
4490.736603
3707.315261
1711.770963
3629.285718
4450.338517
3878.104099
1777.270725
3194.077573
315.021650
3806.837795
2629.978314
3473.718935
3814.898790
3813.505150
3146.709012
3305.435639
4689.043996
3501.411693
3650.746358
254.641292
4286.183393
3727.394956
2418.036866
3245.968361
4386.979304
3658.613078
3638.913934
3485.930337
3893.318836
3997.876814
2671.799372
3366.578611
4738.702047
4383.394019
3901.704056
3681.632696
1947.195050
1849.421277
2922.686509
3151.311603
4761.757727
4074.669088
2535.205324
3945.585696
4655.690227
3938.708471
520.678390
3188.049172
4872.385527
3548.944304
2871.779118
3448.593247
4918.274061
4010.916259
2976.411638
3749.415440
4361.849195
4169.081280
3537.887746
3591.776240
4966.552620
4226.775957
1406.558521
3609.812339
4859.865905
3766.914248
609.659907
3032.852903
4583.752649
4023.704558
3246.371658
3838.310047
5250.630961
4069.565716
3133.235495
4039.689768
5010.886818
4005.589238
3858.854842
3182.912317
5041.020848
3905.459098
2392.478298
627.870961
5410.097699
4615.963944
3947.854403
3427.010972
4947.126965
3612.671484
2804.900849
3556.480451
5034.149438
3983.041546
1566.012416
1393.384751
4991.604993
3674.328002
3006.136768
2057.283029
1816.358006
2149.981434
3190.509176
1836.814921
5060.831270
3806.309660
839.218624
2069.524394
4078.354077
1918.553289
873.745133
3049.637040
4849.700123
4184.532833
1832.996083
3318.177569
4896.841540
3337.141008
3280.904099
2170.061194
4896.288743
4325.492280
3857.692360
1764.926135
4889.176230
2847.119371
363.809327
1581.878151
285.558843
3886.241589
3010.596930
1425.903824
4676.280714
966.297667
511.919749
774.225423
5186.500357
4359.044884
3553.235147
1691.666031
3967.318545
3772.008501
3432.037351
2278.291251
4148.027067
1929.564899
1617.243074
2900.988586
4816.567238
2240.596094
1011.974884
2771.531832
5049.635019
3987.408225
3868.879454
3123.576554
5357.055944
4156.384753
3403.334322
3462.464506
4926.274301
4011.010088
3638.385556
3645.706138
4925.341570
2287.922472
1066.299314
2342.420853
4919.817156
4326.293623
3290.770211
2327.204649
4826.294996
4043.064421
3767.368840
3412.461195
4728.537431
4602.965165
3545.908904
3400.617103
4904.894979
3102.695742
3286.811232
2724.741465
4649.991488
4029.422299
3341.656496
3098.127552
4738.898302
3680.795057
3183.244038
2852.020326
4894.528483
3128.421447
2973.804908
4620.580725
5211.460586
3673.634658
3110.059853
3828.767025
5534.056415
3304.451863
3348.339839
3856.501195
4246.966433
3867.175691
2906.974448
4150.208189
3795.136869
3163.609713
2700.319041
4110.596869
3391.770738
3720.593835
3264.825391
4694.231680
3431.991436
3530.895758
1342.826521
2740.022792
4980.546877
3014.398564
10.245128
3479.863594
4925.216575
3121.543280
1681.278854
4261.136162
2656.282574
3811.894185
2849.170005
4234.108864
5140.489497
3464.542654
723.747243
4283.500215
4075.166836
3258.611760
1494.795249
4308.705729
4837.165592
3026.686199
1498.113530
4381.991654
4869.953130
3145.750682
1193.650082
3002.656959
763.106007
387.788628
2570.911511
3315.521946
2822.149027
2948.563390
2835.243946
4673.742674
5062.772658
603.679675
1438.790698
3780.237795
4709.578894
1042.668459
1403.967621
4911.056366
4456.234419
3464.445877
960.677498
4394.361563
4793.755508
2945.987760
1581.553954
197.311631
4925.250838
3435.122232
2346.539444
1066.376012
4826.063018
2980.022241
1330.642099
1032.142740
4500.836611
784.663749
1073.390859
494.217338
4140.497297
2469.738990
595.453936
2025.980667
3338.061619
2478.923590
0.000000
3203.529318
4241.926568
2255.198947
0.000000
5077.308419
4453.427016
2694.731726
842.425382
2411.749577
5175.381018
3456.972562
513.087748
3534.030787
4439.976524
311.492798
167.399260
2893.171315
44.545758
2880.939555
2483.535970
2924.562461
2164.362935
814.008808
544.492231
3733.075213
3209.224016
391.592631
272.914094
3188.708364
453.472902
2337.376189
1391.927602
2643.462929
4292.852636
1607.882592
745.333935
3756.107950
4138.972473
284.906872
2392.196071
5247.572843
4653.822741
2542.826838
1987.716265
139.626163
858.472869
2272.032414
2675.039948
5330.144776
3513.241715
2969.315909
1389.529381
4751.645134
2784.312789
899.736844
762.634028
3563.976945
4345.340016
3143.039278
2175.457298
4918.554869
4442.315999
2298.911754
1337.143356
5035.536806
3967.397296
2531.503698
2166.108627
4951.915952
4929.670486
2715.711677
2258.037942
4544.813368
4269.427143
3253.197080
2809.033908
422.614420
4213.071993
3437.672851
2925.574919
4729.267056
5105.126257
3061.062453
1389.962648
5064.410585
3967.244254
3077.324175
2885.117546
4979.082697
4783.246664
3160.653262
509.807388
3551.617693
4407.301565
2816.523080
2076.593957
5003.723130
3778.633248
2628.586697
1661.168561
4940.841956
3327.298261
2440.632060
736.611003
4999.597381
4271.872246
2850.006580
1544.485963
4781.102444
2844.370902
2653.868478
94.921447
4520.557539
3919.394457
0.000000
2113.556221
3999.728457
4143.696706
2680.772922
1702.157576
378.234124
3656.777680
2978.409942
811.560360
5026.200982
3921.810443
2881.105512
377.708529
4276.804168
3513.708396
2192.211322
1305.764483
394.714088
3128.999432
418.829603
1899.933611
5061.892573
3886.836616
896.715291
1384.007928
5240.696640
4126.942715
2401.882217
1412.638042
4922.435744
3642.535675
1170.571228
850.938297
4402.426062
3461.803368
2455.610720
555.858605
3182.677038
4159.661329
1716.985697
624.127543
3999.237897
3497.579875
254.231033
2017.395064
4674.268170
4278.252080
2537.506808
2139.548490
4914.995853
4291.139242
1852.510702
359.771482
4870.161246
2240.583297
707.372778
979.410069
620.140123
4049.941473
549.667441
798.465088
859.413554
3926.979455
2856.213432
2490.005502
4688.938646
3191.862545
2738.900045
2744.519238
4577.787295
3861.105596
2796.217403
1574.974076
4535.303053
2666.830981
466.648749
1914.099611
913.755445
4691.575887
3536.803774
322.479070
4529.170688
4602.818582
3279.151706
2820.731921
4636.015915
4952.266309
3470.722781
1519.996456
4632.752371
3255.197704
3006.144539
2805.543688
4599.023038
4718.160768
3240.580704
3568.419142
3928.093953
4418.465785
3538.816663
1101.440431
3741.089727
4692.124823
3146.368806
2830.539015
4669.418626
4102.826752
3063.997023
2225.413444
4487.588587
4502.923071
3216.665673
1851.317571
4508.375049
4476.094281
3360.349464
2872.532079
4898.540616
4480.218885
2830.530448
2994.634088
4304.875022
4688.374901
3115.851109
1322.612139
3094.787248
525.227917
3320.364131
3469.708930
3896.326749
4252.945671
3007.757018
3360.091263
3598.582217
4355.062390
2811.649931
1862.456769
3715.503232
4074.389320
2773.627755
3065.331461
4620.216791
4736.320960
3285.069276
1672.551985
4999.756845
405.806069
3106.263572
2944.697926
4034.447645
2784.295478
676.863571
2790.596746
3679.257400
4681.925862
3470.334535
3753.787183
4696.881967
4656.909480
3562.354462
2504.445079
281.939349
4598.314422
3525.108608
2534.420615
4530.378697
4473.337897
3925.391375
2786.743416
3291.727516
553.706478
4018.969782
3096.399166
4606.929635
4690.638028
2693.391212
2523.244425
4456.182484
4674.866927
3767.822367
2446.461499
4414.701429
4412.201849
3753.871320
2678.671812
4157.635722
4537.828173
3375.072526
2065.232245
4551.374615
3292.461638
3742.827132
298.859827
4528.845065
4169.657907
3646.205031
2548.785518
3960.856511
4661.548169
775.992463
207.731403
4444.682891
3915.178231
3387.334711
2445.731164
4551.075912
4704.930946
2433.226592
1274.761792
661.800145
3899.019004
3168.092828
1427.906399
4269.262417
4964.063213
3726.080064
2154.427444
3042.103600
4304.490724
3473.370802
1861.655430
4371.492650
4039.646848
3827.070446
1434.185062
2236.755049
1237.061717
1626.299040
1646.924309
4098.521739
5113.922696
2909.064943
1572.389288
3452.097135
3518.690509
61.442956
560.175458
2962.871652
4256.398160
2866.938894
2474.561653
730.947425
951.862841
1209.814453
837.584220
2821.599905
4260.820313
3284.845372
2150.392718
2873.933525
4404.498102
2817.571999
263.152080
4058.847412
4348.172539
3275.784685
795.575380
4667.192081
4053.453727
2431.508930
2654.654981
4188.941465
3091.824148
2941.547832
2705.219171
4287.779917
2540.922027
748.344882
333.699134
4715.008315
4155.831603
3273.034941
836.035652
4641.187309
3587.051833
3368.159704
839.892713
3995.004471
4238.251852
3283.344052
2584.825897
3491.527856
4364.536999
3435.003681
1204.683868
475.806184
3608.591822
1746.820238
407.684430
3291.411573
1752.168248
1548.637960
441.864563
2258.406898
4429.273142
3511.010802
2761.744811
2242.670786
5170.954384
3520.356859
2981.226799
1949.794543
4232.647785
3281.260197
1854.283265
2026.239881
4295.765811
3226.331723
2407.509144
2136.265204
4511.110781
3285.286556
1299.977359
2724.971756
4705.507966
3679.162923
2281.918319
427.639646
4704.093687
3296.000206
2768.578650
3007.006863
4699.019278
3313.018701
2664.142914
3610.310835
3596.799668
3217.826088
3404.287355
2912.464677
4903.363331
3142.217502
1799.378834
2798.705952
4350.161208
3380.326315
2859.056530
3388.962068
4692.363757
3097.944191
1985.126946
3257.307521
5091.400605
3763.340459
2155.598219
2837.328083
4909.018407
3498.504412
1692.893889
4200.452191
3820.524584
3072.524954
1498.984132
961.058947
3180.675379
197.304232
2355.855976
3201.249078
5064.201621
1296.558369
1910.778145
3176.600639
4486.609643
3100.339212
2484.784610
278.157671
4385.035649
3211.141603
2320.998809
2747.533544
4763.926087
3460.427632
2593.217185
3776.759769
4127.730841
1593.345962
297.874465
3521.562243
4633.445117
3169.100973
995.452332
1905.267795
3077.072245
198.597972
2759.165670
2459.465381
4751.612429
3334.134459
1562.284032
839.735972
4524.853767
1808.392495
941.622242
834.891650
2512.804738
3335.510369
2584.425954
116.135281
4772.941938
3399.764340
1313.308224
1993.626356
4324.310455
2958.270728
517.145219
2040.586152
4165.613215
3105.026761
2455.656663
3026.127931
3956.835814
2524.850331
2755.617286
2967.546298
4107.217383
2686.189980
969.914489
3749.291969
3855.212293
2772.887819
654.455632
2299.553054
4125.569228
2690.756533
822.608971
4074.305949
4174.342539
3252.263329
1885.416537
3304.536661
4081.803543
3292.014553
1171.166417
181.413071
1723.577061
1383.606629
2912.054125
3178.184230
2410.690245
867.695240
1700.203003
3821.081545
4263.131262
3265.497745
1609.436472
1440.689624
1122.218479
2143.679136
1163.244390
2462.468305
4678.368560
2966.544548
935.509775
1506.142609
206.121852
2182.505114
284.590930
2833.406020
4801.258194
3735.118246
1939.463680
3544.948656
3708.380782
1386.134698
1517.160445
3791.813798
90.259518
2999.322198
2060.443523
2334.255959
3325.150745
1268.959296
1232.764404
284.719761
2016.317370
1925.283580
1.216149
854.723778
4785.965312
2421.254709
490.344135
3618.569529
4345.674739
244.491497
677.364165
2277.890817
286.658979
72.772355
768.687178
2233.124688
3261.933577
62.600176
849.143667
2729.365603
4240.666124
1942.827868
118.843372
975.179619
4093.853916
222.083429
1544.956719
1370.176605
3951.507264
2387.552543
358.924165
3689.277127
1401.954710
2042.413551
1818.049852
453.132737
3977.433017
3592.004992
1771.761195
4236.532348
4055.051212
1521.004723
290.882696
1178.878501
4834.694899
3968.235061
2198.039363
3342.394547
4872.136815
3234.382218
2716.804889
4161.910793
3228.756668
3484.458505
81.558140
3722.857999
3884.126390
3088.738626
2370.666031
3753.332386
3489.577706
1625.209745
313.179385
4312.921959
3918.257564
1613.772209
497.620983
2116.565993
3938.316883
3483.271853
2262.374682
13.784188
3738.569450
277.828327
375.303722
2386.935962
4032.777234
3328.051320
1895.650543
803.127245
4390.690878
1932.180044
312.980940
3699.987957
4674.213601
2745.254222
593.631733
3499.115819
2902.204928
1055.157897
1133.056747
1826.538140
2055.262714
1751.883128
168.527259
1656.526077
3794.215999
477.140319
2698.715091
1778.408409
1293.054847
241.868405
137.209394
3328.330062
3631.308960
664.958014
270.034139
1933.564305
2988.716719
853.090861
553.173065
1699.869347
736.378892
620.612210
850.254300
2921.912732
851.730969
992.138936
794.849568
2575.115488
605.569283
2678.442931
447.654783
3097.115374
3376.448061
1910.622664
609.928219
234.972936
2984.601408
628.302102
2188.187822
3524.829684
3882.439681
2566.163499
513.222864
2971.296126
4340.394973
4442.207815
2228.721998
2709.223628
580.403032
16.274792
1038.253450
2819.827282
983.271522
2455.960114
1611.821925
1823.856697
415.264245
2681.137380
154.263271
3206.620567
3973.780160
2572.674060
2929.263177
3753.445267
5324.383432
3078.487842
2088.524229
3375.521016
3983.930395
3829.531284
2602.390821
3363.428400
5033.586131
426.148294
2332.699692
3712.721724
4536.095828
2891.715812
6.967025
3304.091924
4050.861775
323.584681
1471.395586
3946.169140
2197.894326
3500.116310
2152.734663
1794.853257
3876.202696
3336.583501
2783.168047
3076.729883
4874.771130
2906.879055
1764.867946
3931.882536
2440.318679
3322.350294
2885.984886
3590.736945
4802.019315
2994.391315
2409.623730
3514.917143
3686.078504
4336.756770
1135.400010
3866.333040
4568.593205
3038.058168
956.739588
543.769606
1038.514654
3112.863599
2796.690115
3185.564517
3883.416928
2965.359115
1935.528492
4562.981502
4869.644115
2043.672892
417.840314
4337.819259
3733.776582
3210.217277
2411.785726
1029.061928
1947.847679
3134.955076
2768.361227
4351.066590
1762.644717
1306.886704
2310.332784
3196.405623
3760.847926
2349.583949
2720.021879
1858.064745
4336.123754
2790.974824
2645.147997
1986.564605
1058.437642
3150.641634
1109.012226
4788.217708
3440.285804
2782.423034
2831.252635
3168.869975
3944.388055
3022.278518
957.560582
1984.674448
4947.993326
3081.028882
720.513472
2206.618163
2076.846014
2688.937864
997.134174
1368.926445
4668.163353
2814.251402
904.809420
3371.942927
3571.223028
2138.707686
169.583768
3441.917082
3765.935886
2082.780148
261.069506
3735.584678
3665.041572
3151.511692
1695.181612
1692.456568
1372.968973
3468.068855
2296.706642
3817.111183
3909.027486
3482.913797
2091.181497
3147.215642
4399.282635
3215.955480
3293.988508
3695.663841
3823.416531
3280.800295
2137.436992
761.081570
4945.561702
3543.104197
1911.894665
3007.956458
4041.890445
3906.601573
1899.765286
373.735783
4566.831927
1481.352838
920.173495
3754.726389
435.808560
2883.200146
2066.105838
3419.944876
4087.466883
2484.537114
92.038637
4532.374907
4868.637002
3398.472960
1622.143862
883.058060
3636.059680
3088.848294
1156.645555
1454.394570
3893.645890
1130.476736
183.090691
3836.933598
3878.925911
2881.333608
403.512584
4503.787661
2562.427289
583.618568
2410.575057
3895.452272
3787.703775
3344.266862
1834.024021
1279.543739
3872.531024
2545.418463
1878.845433
4662.649864
3383.502844
2961.234696
672.214324
3942.289036
3884.941464
783.119257
211.061397
782.839252
1060.449000
2932.234346
843.012785
3895.488542
1469.518681
1354.954174
1391.192520
1466.191682
3728.221159
1827.162642
596.010779
4091.830689
3730.313807
365.273598
1543.376818
3948.164551
3392.612652
2466.841568
794.801996
3259.141892
3947.171607
2867.145455
2528.267139
3907.997849
3771.676302
2916.793666
388.785448
5386.662255
2826.060344
2578.526026
1372.818204
1361.976419
2898.656007
3048.685035
2336.674217
4006.968277
4167.380064
2829.444738
1939.090313
3773.555034
4249.309123
2505.192127
132.731919
3357.569572
3755.227944
2782.333208
2200.733166
3924.214502
4171.787715
2925.434653
2580.211478
4032.992031
3558.922288
1206.044613
1194.497191
3717.285342
2498.407211
493.976143
2146.601924
4245.047979
3692.878880
1212.119781
1173.194070
3310.332902
7.354138
2848.905026
1858.158234
1177.672804
2457.181819
2261.213773
280.431369
3326.009639
3854.532526
1984.299282
764.467579
4579.997633
3894.522279
670.555298
1034.066048
3524.578556
3597.014334
2533.447990
2082.247977
1471.370982
2010.119587
209.051769
1866.186066
4031.697826
3555.140895
2169.554827
2230.650383
496.871947
3777.788019
2691.206282
436.020914
2802.270675
3829.536941
2555.945178
1965.426507
3370.144655
3556.044005
142.129569
307.002706
2630.626888
1097.320151
1852.850088
2134.640094
2186.272658
570.448324
1622.885166
530.262807
3055.686865
3334.949130
2301.799477
1909.400888
2779.057106
3100.930514
2409.266954
292.470279
1186.644426
487.912264
2144.257673
2297.347619
2140.462409
3689.823438
2176.726373
307.193260
2206.660577
3257.088911
1494.275193
0.000000
534.265531
3030.359112
2140.724794
346.063566
2495.740225
2973.592406
689.582411
343.502366
1090.325623
2779.496918
2417.138443
2109.043296
2773.544543
3472.569528
2112.342887
226.190970
1328.210208
782.660046
2289.390141
2540.588380
2947.298819
3454.126492
2118.853630
337.647607
3079.991869
3627.182735
2487.785385
1783.362631
1077.399175
2531.442275
494.927503
1766.563341
3778.795955
3883.561315
2409.561979
642.514309
2925.244278
3387.516458
1915.432654
73.698985
3616.660743
3918.258089
2845.816514
1837.924185
3577.351371
3964.360994
2734.236895
1885.413436
3363.842425
3709.224840
2981.712459
2368.046074
3686.351231
4180.116103
1874.100706
507.859773
4342.562644
3807.244227
2723.618835
1701.873088
3477.882078
3848.330465
2438.923194
1659.376874
2074.953154
840.948126
2616.999153
1772.354462
3434.519828
4150.335861
2877.514371
1478.027313
469.425128
998.916980
2769.895980
3055.046532
3790.800498
4188.451846
2888.797419
1420.848121
3446.962955
2447.844555
918.647378
2509.508775
3456.773106
3305.012399
1992.150302
187.340895
3610.524091
4568.481183
2523.772932
1367.408721
3386.528576
3523.154541
3058.463861
2259.920863
3391.024380
4317.065989
929.788443
1309.811601
1344.228746
4342.935668
1932.373525
850.520680
4717.533360
1402.920706
1700.156240
1313.772936
2333.766667
4172.884049
1249.748417
1220.917849
4965.462710
3963.481306
2926.362990
2625.360987
3591.747887
2670.457241
597.174268
745.800440
1861.065455
3090.540274
2901.315126
2237.610492
3628.321011
3511.560116
2970.782125
2533.154845
4879.977383
3065.193599
2901.476654
2202.722228
2571.772504
3830.605742
1338.191379
346.993230
4241.181023
3305.523927
623.686577
1590.936596
2556.117536
4007.677394
3249.886579
1689.048835
3859.526779
4030.735311
2519.549754
495.481044
4004.680779
4207.910714
2855.129166
2462.203148
598.144707
3878.968457
2927.038959
2434.564567
1946.618160
1656.591075
3189.694418
1597.809455
3148.728296
4440.512889
2975.336169
2198.792934
3848.916418
4325.895860
3297.239994
2423.195757
3618.296888
1643.286203
1330.652618
3237.618847
3007.389275
4264.618367
2806.527118
2251.767645
3926.136858
4254.938616
3430.467204
3040.374330
3751.191783
4288.051396
425.364251
1850.904508
4392.566037
4496.258011
3150.141885
1306.790057
2660.909667
4887.400526
3074.068583
2993.453498
3989.919194
4113.679485
2609.422778
569.393591
3856.776810
4163.145388
3330.162616
471.442270
3401.202110
4665.431698
3271.342067
2306.406880
3950.755231
4030.473831
380.563398
3244.755265
2666.292536
2052.052692
3413.941187
3106.894607
3895.652429
4240.713365
3989.192945
2706.085482
3984.249202
4440.652934
3300.987863
2676.728322
3983.090023
4868.078720
3307.756726
3473.038503
3907.199629
4375.882936
1292.485224
1472.170223
3267.195159
303.356475
3087.740863
2587.450799
4465.030056
1876.636549
2070.441281
2893.095496
3799.044964
2660.310082
636.602519
1184.746062
3300.244330
4490.909020
3573.341354
3228.056112
3911.398925
4580.050958
3485.176126
2780.255413
3935.608425
4834.493305
3368.464028
2055.056415
3661.002501
4625.545839
3790.401080
2835.780025
3126.264468
4677.296351
3606.158204
3174.204924
3649.462584
3947.063743
3490.051045
2958.942427
3842.059227
150.726439
1558.557728
1209.321840
4644.257811
3859.794510
3578.976001
3537.296535
3868.050166
5131.743209
3323.103238
2347.294874
3675.368000
4515.235966
3541.046757
2724.105246
467.855612
4830.870875
3800.096613
3195.374997
4030.112699
4649.692125
3885.702192
2281.584578
879.506718
5113.779196
4142.962277
3219.162285
4087.377494
4713.401545
3498.155651
2415.726176
4648.413786
4654.907431
2978.195422
2681.490953
3403.522109
3369.736402
3613.073300
2864.112553
4098.276187
4459.269962
3274.667070
1553.956518
6.061392
1611.857123
1760.145342
2599.643668
444.494196
4454.273139
3243.602473
2488.145883
3037.007957
4706.548414
3116.096418
2016.863823
1391.286299
4864.712084
2895.709932
2973.390919
3745.133049
4274.181709
3171.624573
3173.924615
3605.517992
1138.287400
1794.616357
3005.621419
2872.532445
4695.921798
1559.412900
1364.809117
1339.539468
2478.673953
3282.761670
330.268304
2798.497677
4682.272145
3236.203096
2193.695618
3012.437237
1110.414693
3442.033438
592.128054
3886.786740
4408.219967
3376.311627
817.761906
3994.364166
4670.878627
2556.596514
588.327377
3943.139008
4701.973182
3105.176872
3103.310155
2880.171860
601.206777
3270.967987
745.033194
3871.707674
3859.776422
2833.245852
2517.332335
4033.671117
4069.868542
2627.200342
3221.746634
3995.036540
4668.530972
919.031805
1396.288590
4379.979179
4518.828651
3066.890562
2223.118071
3962.612249
3361.554054
1824.399036
889.304049
4123.815846
4747.843742
3505.634778
2603.961490
3737.747904
4333.073073
3867.574113
2648.184619
4144.949157
4834.373790
3579.281006
3611.872289
3998.853344
4658.310563
3883.985501
3748.824773
3975.087419
4715.782490
4545.977982
2544.120394
3240.069882
5084.093224
4175.971800
1675.477954
3366.659293
4490.121530
3791.287196
3711.045488
3233.119245
4869.204619
3902.562212
3498.192731
389.832066
4846.708155
4023.717582
3060.064848
3161.123694
4813.052610
3753.004229
2206.903889
1348.940420
4802.966272
1179.700942
2494.272161
3417.274749
4763.647294
2857.067735
116.721849
3329.182169
4440.622033
4453.082505
677.509055
1617.201544
4995.772153
3952.727567
3458.272971
516.271530
3765.022045
3930.296367
2289.167578
2678.849987
93.986384
4213.175641
3215.590340
2966.766797
4889.547915
4392.859421
3814.377044
4057.236443
4978.487748
3951.446104
3508.042360
2902.229743
4732.371168
3995.743447
2972.209213
3131.284280
4543.780046
4090.351666
3147.356590
3569.571127
3354.025826
3805.410801
3082.376069
4094.148490
4334.647286
3827.213393
2777.634490
3723.569354
3807.702061
4049.757819
3497.471940
3636.480885
4594.571753
3946.348619
3247.505972
3878.752481
4644.755789
3229.330102
2469.901648
1279.894455
3002.685298
3392.891131
3556.287254
3036.643895
4864.176763
4079.821002
2293.266191
1210.467557
4621.225512
3811.372705
3419.770283
3785.980965
4083.484308
3996.422371
1396.215926
2347.022866
4440.089078
4246.199366
2193.870265
1468.663982
2810.360898
4035.268131
2954.326611
3561.921068
4562.986160
4107.930086
2246.537086
3624.244232
4605.813642
3966.219033
3485.638929
3765.007331
4332.810156
3795.640402
1857.434712
3698.406583
4313.379416
3759.377314
3011.420436
3788.702554
4468.116858
3891.132854
3835.003366
3928.143183
4592.278185
3899.195390
3491.922830
3672.374000
4641.643053
3976.695847
3708.394563
3482.115356
4501.203575
3758.210548
3822.075109
3312.096028
4478.099825
3958.152179
3078.280055
3382.321539
3892.876994
4018.467953
4247.204417
3345.099460
4592.119850
2889.224280
378.183915
3495.452729
3167.039603
453.900967
3608.685623
3214.983910
4266.340379
4064.123984
3341.952220
3265.563370
3681.117707
3747.434700
3430.865619
2830.566659
4078.275878
587.017025
2419.088375
3209.460537
3939.638117
3704.573082
3684.964309
3217.322246
4263.883047
3897.819828
3167.062231
2931.660166
4163.857454
3515.830584
3627.436243
3725.360736
4374.618597
3905.668234
3591.502178
3557.696761
4761.513625
3885.036477
3730.569633
3926.783698
4492.674919
4012.798999
3688.712866
3526.550624
4316.747103
4062.371160
3908.783137
3480.228343
4518.006422
4104.668408
3765.724845
3837.031688
4270.808374
3583.522725
3563.075719
3040.374430
4065.677396
3931.737185
2685.578325
3471.891893
4067.563464
4079.891192
2923.512265
133.022491
4093.237216
3699.117025
3277.217125
3549.855358
4213.983990
3454.810428
2600.749148
3008.450319
4129.917143
3543.578459
3798.994729
3120.792110
4109.906570
3640.544542
3352.058218
3269.530163
4160.592695
3475.299136
2474.808696
675.988974
4072.844590
3691.139284
3527.930785
3291.136294
3944.352337
3615.902627
3370.795082
3442.472270
3153.934402
3507.878807
3209.179692
3476.935119
1463.990092
1824.755882
1918.248202
3455.579164
3983.339965
3222.548369
2357.804192
82.649035
3585.750723
3131.430857
1880.537615
3755.704343
3823.361564
3458.279638
3053.078648
3627.123236
3851.939439
3328.175179
3087.611910
3764.628560
3799.695900
3522.906843
114.666504
3504.348477
3659.357522
2424.824785
428.968423
2989.552225
3595.939222
3140.716909
2325.871936
3677.299506
3501.530801
3367.404305
2726.125803
3853.444220
3780.454236
3308.794800
2733.015458
2852.615988
3429.321640
3402.531119
3237.861193
3259.803143
3992.320654
3564.910399
2473.781812
460.690414
3841.172675
3571.296559
1876.878569
1084.098783
3907.160501
3529.321891
2547.534652
3481.280693
3484.574470
3575.697173
3132.003897
3167.758954
3635.674904
3501.173083
3169.701975
3006.361336
3408.230621
122.630161
2699.593819
3081.088404
3600.497744
3144.911947
2490.097921
3269.602830
3661.385021
3371.125556
2718.944499
2752.186586
3359.219562
3454.938444
2727.741547
2703.191087
3288.977842
3413.003589
2889.068461
3337.762535
3627.226754
3496.450465
2887.519388
3072.233737
3573.507790
3426.708443
3244.094701
3013.327205
3104.526447
3302.710772
3340.972541
2770.018578
3470.938336
3361.261461
2831.217010
3034.475038
3536.201260
3215.998039
2536.690414
996.747231
2253.045500
3282.483364
2922.207684
3228.858573
3193.395846
3421.039241
2473.206768
3085.687077
2718.660462
3191.805993
2130.450848
3261.653465
3031.242075
2705.650789
3024.788120
3276.898921
3608.053588
3109.903100
2348.975582
3289.172217
3565.000243
3133.380461
2932.391325
3341.398513
3429.175495
2850.098577
2847.186340
3422.110401
3918.941153
3401.779260
2897.588017
3096.688660
3893.102161
1501.226763
1105.376353
3035.114110
3094.429362
3501.994085
2899.737882
3624.918342
3761.001820
1081.963604
1837.399178
3227.029309
3970.435270
3292.143894
2593.020022
3454.796147
3988.249010
3522.873341
3419.208526
3514.775555
4092.736442
3569.671615
2958.357258
3738.694772
4079.117794
3584.756283
2901.972017
3755.301685
3326.039317
40.363823
3067.160660
1364.140472
2332.752913
3670.546583
3219.328348
3976.030981
3918.989847
3400.689446
1535.569730
3158.316676
3901.334464
3550.942967
3365.033395
3205.625810
3864.359088
3614.077191
2937.174077
2089.932065
144.466885
966.896858
3178.339489
2834.390920
3291.281677
3476.739687
2961.503574
3429.009133
4258.526658
2967.777313
31.051014
3210.078416
4164.993565
3563.278918
1826.330352
3236.694530
4045.204730
3688.450581
2990.949400
3211.416529
4182.026341
3809.208697
3221.882565
2889.284759
3949.136406
3654.435365
2753.226279
2741.791219
4321.267055
3871.139049
3577.640414
2230.179253
510.119659
3809.750532
2397.963840
2779.192959
3543.368690
3751.590960
1843.301748
2004.004090
4398.909877
3677.920457
3098.282459
2310.317220
3684.479634
3932.501556
3461.550268
2847.646374
4212.001309
3952.697774
3403.758714
2563.924367
4386.420522
4039.758083
3790.200868
519.661161
338.652019
