-9.883341
5.294730
3.397071
-5.346443
-2.834183
1.316394
-6.698966
-9.140141
1.166753
2.370862
-10.506323
-2.573565
-6.009414
8.786694
-12.103041
9.217342
-8.861975
1.057432
9.374940
-16.175556
0.000000
4.216836
-8.665594
22.660501
-3.737989
-32.649940
-6.431663
-11.803368
-9.414914
-4.420137
-15.013068
-17.256170
6.116811
-4.070176
-7.085090
-6.462280
0.000000
-3.645778
-27.533077
-30.402959
-7.891979
-5.684324
-17.321397
-7.806130
10.205223
3.186107
-2.045406
0.000000
5.312096
-0.606400
5.971536
-2.175445
-5.584288
1.020948
2.138428
4.239362
-2.676046
5.401375
-1.097050
-5.898297
18.082893
6.941052
-6.423339
-2.735521
-2.178629
-3.569044
-8.544786
2.384285
6.984094
0.010652
3.879659
17.487286
-14.597336
4.700141
1.393637
-4.601525
3.198520
-7.592824
-6.924191
28.259297
23.187206
-4.992848
-4.334389
-36.087156
20.159330
47.638949
-5.271784
-8.274334
56.780078
18.932314
-18.271326
13.603293
9.020480
-2.008656
0.000000
-12.718769
0.712280
31.945435
-1.159042
-10.452332
5.802341
-38.534237
-14.949211
3.428790
4.576058
0.578791
-18.086833
0.154700
1.035929
-5.136311
-19.625862
8.294657
23.533210
-0.637204
-17.923667
0.000000
-4.058902
-18.400553
2.087406
-2.212496
5.806473
0.000000
-4.850043
0.000000
3.393518
0.000000
1.568182
0.000000
0.000000
0.000000
0.000000
0.000000
-18.501259
0.000000
0.000000
0.000000
0.000000
0.000000
0.000000
0.000000
-2.852793
-6.878142
0.086456
0.000000
-4.703108
0.000000
0.000000
0.000000
-5.179695
-6.765637
0.000000
0.000000
-5.604202
0.807669
0.000000
0.646691
-5.481491
0.000000
0.000000
-4.987254
4.690691
0.000000
0.000000
0.000000
0.000000
0.000000
0.000000
0.000000
0.000000
0.000000
0.000000
0.000000
0.359766
0.000000
0.000000
0.000000
0.000000
0.000000
0.000000
0.000000
0.000000
0.000000
-1.524105
0.000000
0.000000
0.000000
-0.442250
0.000000
0.000000
0.000000
0.000000
0.000000
0.000000
0.000000
0.000000
0.000000
0.000000
0.000000
0.000000
0.000000
0.000000
0.000000
0.000000
0.000000
0.000000
0.000000
-5.266869
0.000000
0.000000
0.000000
0.000000
0.000000
-4.865303
0.000000
0.000000
0.000000
0.000000
0.000000
0.000000
0.000000
0.000000
0.000000
0.000000
0.000000
2.402400
0.000000
0.000000
0.000000
0.000000
0.000000
0.000000
0.000000
2.690529
0.000000
0.000000
0.000000
0.000000
0.000000
0.000000
0.000000
0.000000
0.000000
0.000000
1.938576
0.000000
1.347208
0.000000
0.000000
0.000000
0.000000
0.000000
0.000000
0.000000
0.000000
0.000000
0.000000
0.000000
0.000000
0.000000
0.000000
0.000000
0.000000
0.000000
0.000000
0.000000
0.000000
0.000000
0.000000
0.000000
0.000000
0.000000
0.000000
0.000000
-7.081099
2.184699
0.000000
0.000000
0.000000
0.000000
0.000000
0.000000
0.000000
0.000000
0.000000
0.000000
0.000000
0.000000
0.000000
0.000000
0.000000
0.000000
0.000000
0.000000
0.000000
0.000000
0.000000
0.000000
2.731269
0.000000
0.000000
0.000000
0.000000
0.000000
0.000000
0.000000
0.000000
0.000000
0.000000
0.000000
0.000000
0.000000
2.207194
0.000000
0.000000
0.000000
0.000000
0.000000
0.000000
0.000000
0.000000
0.000000
0.000000
0.000000
0.000000
0.000000
0.000000
0.000000
0.000000
-3.060383
0.000000
0.000000
0.000000
0.000000
0.000000
0.000000
0.000000
0.000000
0.000000
0.000000
0.000000
1.229345
0.000000
0.000000
0.000000
0.000000
0.000000
0.000000
0.000000
0.000000
0.000000
0.000000
0.000000
0.000000
0.000000
0.000000
0.000000
0.000000
0.000000
0.000000
0.000000
2.173999
0.000000
2.121088
0.000000
0.000000
0.000000
0.000000
2.173605
0.000000
0.000000
0.000000
0.000000
-5.017727
7.543434
0.000000
0.000000
-1.657838
0.000000
0.000000
0.000000
0.000000
0.000000
0.000000
0.000000
0.812672
0.000000
2.348903
0.000000
0.000000
0.000000
0.695837
0.000000
0.351821
0.000000
0.000000
0.000000
1.350205
0.000000
0.000000
0.000000
0.000000
0.000000
0.000000
0.000000
0.000000
0.000000
0.000000
0.000000
-1.606156
0.000000
0.000000
0.000000
0.000000
0.000000
0.000000
0.000000
0.000000
0.000000
0.000000
0.000000
0.000000
1.877579
0.000000
0.000000
1.940430
0.000000
0.000000
-1.352798
0.000000
0.000000
0.000000
0.000000
0.000000
0.000000
0.000000
-0.564500
3.672223
0.000000
1.830145
0.000000
0.000000
0.000000
0.000000
0.000000
0.000000
0.000000
0.000000
0.000000
2.310512
0.000000
0.000000
0.000000
4.931104
0.000000
0.000000
0.000000
29.915681
0.000000
0.000000
0.000000
0.000000
-7.791293
0.000000
0.000000
0.649100
0.000000
0.000000
0.000000
5.227000
0.000000
0.000000
0.000000
0.000000
0.000000
-1.640541
0.000000
0.000000
5.032946
0.000000
0.000000
0.000000
0.000000
0.476621
1.149045
0.000000
0.000000
0.126862
0.000000
-0.066103
-3.648220
0.000000
0.000000
0.000000
-1.817462
-0.763208
0.000000
0.000000
-1.906580
0.000000
0.000000
-0.807299
0.000000
0.000000
1.162814
5.589146
0.000000
-0.018248
0.000000
0.000000
0.000000
0.000000
0.000000
0.000000
0.000000
0.000000
0.000000
1.814439
-6.513809
-12.091352
-3.562776
8.085476
0.000000
0.000000
0.000000
7.854620
0.000000
3.033604
0.000000
4.909909
0.485994
3.676860
0.000000
6.179226
0.000000
-0.802214
0.000000
-0.686399
15.743381
0.000000
0.000000
0.193509
1.359042
2.483596
0.000000
6.639252
2.521222
4.489690
-4.283154
-2.882184
7.116914
0.000000
0.000000
6.550659
0.000000
0.000000
0.000000
3.750438
4.887379
-2.684668
39.963441
0.000000
0.000000
0.000000
8.824669
1.363749
1.752658
2.360693
0.171477
0.000000
0.000000
9.369215
30.769442
-6.437645
2.293412
-26.893712
-38.867478
1.938806
-4.994721
-29.851549
-54.153918
42.617297
6.787998
-99.170672
-20.716168
0.000000
4.303216
-55.839189
5.420631
13.478683
0.000000
0.000000
0.000000
0.000000
6.597892
11.796117
0.919345
11.719572
14.444874
-0.265793
0.000000
20.249844
14.587490
-15.647906
12.192741
1.415931
-1.119855
11.024069
58.889844
7.796071
-12.863278
-11.831549
-6.040383
-4.419615
14.734761
-23.579205
7.128511
0.000000
-5.995685
17.548471
13.305667
21.208611
23.569015
16.696047
123.512700
0.000000
0.000000
108.826653
27.911822
-10.264602
8.952952
17.678767
211.429042
94.856064
0.000000
265.179657
-30.325922
10.044741
4.325088
-74.881057
-15.556033
55.070304
2.859787
622.872635
112.916237
15.336004
11.902005
-14.018304
9.642545
60.033245
28.514480
528.363600
885.286978
31.136044
4.186147
26.502763
154.823764
0.000000
28.952144
677.884676
1247.212748
115.455314
38.393203
1056.720842
9.871850
0.000000
-12.374941
3.058242
299.228945
-10.969981
83.817538
-17.858599
810.581535
29.823391
48.321128
6.919305
229.517562
-11.006690
-2.397253
-8.734323
-0.372389
91.585391
101.416830
273.181010
276.153875
15.183523
5.598222
-39.161684
0.000000
140.996523
10.037816
280.861071
3.013449
-7.451918
93.508457
-23.354672
13.265040
28.281671
36.525666
-6.281958
-3.741211
35.305426
4.316439
-6.633389
324.230554
18.469374
24.000681
10.562495
10.263692
-1.178864
19.369855
65.562301
-33.874926
-6.546925
17.588979
-37.132742
146.971717
3.949290
14.737689
120.041490
136.217122
116.022097
41.646049
39.708795
-6.864179
0.000000
10.812366
-4.510303
1.661576
0.418623
18.592097
6.955142
43.648935
0.000000
0.568137
55.854501
-2.822273
0.000000
13.566348
12.138480
31.287528
62.632048
21.303693
-9.756267
-8.074252
27.568801
26.973112
24.143578
-7.851031
0.000000
-0.162834
-47.364183
41.521663
24.197526
19.483416
4.711918
51.239419
14.011516
-0.270858
18.463443
11.190299
78.493350
44.081543
22.655215
159.845937
52.810335
1.254936
193.972282
-4.546519
185.033624
90.196606
-16.154926
394.165030
100.227639
84.204888
-2.919165
-4.949993
78.203362
136.691388
370.750656
16.619528
52.956942
74.764355
19.968263
71.949943
282.475022
315.609939
940.320433
775.597586
269.136021
31.142848
653.815428
1013.298046
237.855419
-4.525611
939.041104
1078.073681
186.445189
258.252361
842.068749
766.497636
139.933409
405.200974
940.066737
1140.901237
58.299280
227.805204
1098.602791
2000.054284
163.590551
67.757419
35.875444
0.000000
26.003810
116.567364
634.724653
117.050035
225.610876
177.347741
865.709033
1195.211394
138.797350
53.599839
1273.705820
1611.684935
156.452799
174.500897
1807.217699
1942.987471
100.928658
38.422646
1183.199160
1252.632901
20.793472
199.915116
1641.383868
2420.821040
-1.517712
75.097580
1738.729256
275.357042
19.617180
72.358866
1645.487103
2190.735537
0.000000
14.776596
1765.355598
1661.808693
301.789293
186.663580
1156.907898
286.501013
115.039805
36.858669
658.044607
1180.947826
182.324162
171.099276
18.456313
1543.993115
156.109813
158.428058
4.850541
1775.991846
175.913607
242.701253
397.796182
1557.105364
198.756487
174.345457
1546.963601
1501.097120
13.440198
213.674706
1657.417280
2206.929553
0.337244
68.547142
1733.252950
2595.279477
67.146231
105.466615
1833.648963
1949.869322
2.554866
0.000000
15.088929
2765.724479
6.409155
67.168359
20.237371
2562.793501
11.836178
115.978733
1795.055836
2544.009996
90.826140
127.304487
881.677010
684.194591
186.114030
178.653119
1434.673288
33.681109
154.876494
225.770695
1403.727395
1749.221003
199.709301
287.167456
20.139855
1154.242356
276.738012
353.838665
32.356634
1441.721893
409.391681
264.913623
1031.272583
824.547009
104.090737
306.333553
164.417315
303.319585
273.833967
285.807686
1221.078141
1217.356117
72.154017
219.106751
1219.684320
1373.323266
342.406133
381.437513
218.300628
572.977887
366.155231
383.517090
1204.071073
2488.355645
2.898744
172.979341
1828.615367
1907.607698
184.307433
155.828998
9.110616
1673.674379
234.611868
234.261619
1680.214601
61.467791
198.066884
360.088749
81.515331
1041.886223
99.883691
104.125925
1023.618115
1623.310791
320.172208
16.018912
712.215168
1629.099022
4.542637
237.400350
1677.018835
2049.810367
281.770979
152.747456
384.635639
1663.098663
417.647379
22.483640
1201.786394
2242.133922
-14.287457
148.772895
702.378329
2234.261953
376.445969
424.068405
1525.893115
1454.654897
435.913165
421.324273
1597.052978
32.081854
312.436757
353.843753
1669.313133
2256.879678
414.922256
436.188976
1347.846984
1854.237969
453.383878
397.594301
1536.661374
1223.382079
476.068619
565.926357
42.601672
1057.319227
46.464109
112.735931
1041.722864
4.193260
471.694564
441.239388
1761.015266
1670.230904
140.131405
246.376990
1721.622597
110.425995
281.869842
452.371969
1831.636376
2197.705315
586.623503
535.899992
870.709949
2445.176990
516.658290
516.384817
1231.654800
2000.683229
349.524028
327.915909
2080.996110
2576.381928
426.281507
404.860629
371.994474
1819.507342
602.441738
618.790958
1597.762312
2456.861068
631.429909
669.120296
1857.306959
2067.452509
508.869871
425.568651
361.608316
211.574444
704.096645
621.603436
1951.102037
235.539853
181.761958
554.723081
693.566175
57.152781
368.458876
102.007583
1756.353577
2090.994298
605.011050
544.921067
2097.664337
2053.293460
264.689841
126.646695
492.723166
328.016674
486.970234
477.402021
1635.046566
569.746223
540.061038
567.318595
1539.108500
2002.750753
276.489121
41.945680
1475.335438
20.300532
227.433779
287.688752
1939.901963
2300.587344
399.099242
485.290998
80.351669
201.059178
171.461718
508.436017
202.372538
183.903476
461.178030
548.795093
1363.496311
1965.439532
433.423430
553.515555
-2.203872
2496.103258
562.556581
-11.658560
1446.739786
1394.394808
318.292377
488.292876
1623.650472
2403.757791
528.540299
654.257711
1485.284689
2346.386230
289.166362
131.078518
1619.595668
1638.622178
763.093204
537.033558
1668.664734
2390.428707
474.874394
533.280304
1868.045350
1866.689087
547.737220
548.393749
1213.005378
1957.824862
601.364528
681.092397
2090.521892
2292.795268
612.523549
379.099642
99.781622
2023.986714
457.102056
508.615272
2101.938024
1902.987978
608.802601
497.933679
473.275540
2516.248561
463.409328
810.138308
2042.924635
479.857762
567.193322
536.725033
163.297400
1515.341707
657.257582
632.340599
2087.450874
102.069925
541.142423
588.596223
1893.573470
2696.820480
321.352340
70.440698
1790.827404
899.515593
110.521239
492.573689
1515.249270
907.390102
44.155879
628.181458
1810.218261
2898.152861
527.417405
565.128725
111.892509
1676.618254
741.413068
708.015537
2310.767288
40.564717
535.222576
24.252137
2394.661014
2822.529513
677.051039
670.414700
1431.478998
2042.079357
646.630937
393.100653
75.513032
2396.930180
772.021433
687.017180
326.003583
295.371165
149.845933
289.367064
679.310513
2177.735307
421.560624
551.185295
1331.655050
2247.554208
655.341556
561.240356
1819.363343
1821.980769
751.698401
588.663422
2427.757509
17.732957
715.785224
529.689376
2141.991134
1526.491886
680.496431
643.772877
1527.426650
615.626633
239.204879
766.529621
156.938094
2311.260082
834.719067
905.086123
2251.426299
2844.952068
868.455505
320.084101
2252.136901
320.899786
11.267123
15.662060
2157.983692
0.000000
615.531038
637.972957
1433.158775
1900.821549
733.785406
667.940883
2034.624765
2413.547148
455.823868
699.475514
2198.549163
1591.269039
-3.674538
400.480956
1612.905233
384.213933
642.758986
479.961939
1730.787647
2402.513159
445.752852
528.599099
52.466702
1894.806187
574.504495
190.436870
911.914416
131.686318
525.011332
799.640786
2189.220977
216.647129
203.320474
32.976699
1440.662993
2448.749792
11.415796
846.022189
239.622152
6.313265
389.712240
774.217916
2205.831233
2596.899146
639.733815
260.387314
999.073532
2866.198663
742.892762
600.908638
2507.034134
1648.736508
334.691948
759.915722
2168.498112
370.367158
186.691454
764.950031
1817.946727
2704.112269
621.874775
630.182667
1991.062243
2558.489116
558.457979
679.962599
2022.801802
2213.236336
828.734486
16.906118
2158.062301
755.536313
337.292607
502.961337
1661.875378
-50.288207
5.911613
446.855325
2141.651892
1410.447154
475.231780
486.104622
2103.095559
2698.394055
585.885050
574.421334
1955.168214
2504.403453
596.163328
832.073383
2109.999671
2637.256835
939.843937
620.343128
2017.722052
811.324407
447.502643
813.098952
2370.301482
33.234151
428.233107
73.729627
1426.558007
2481.773067
340.375114
121.765223
2276.646389
1117.203211
400.133064
387.160553
1639.594677
109.467032
29.166259
586.566123
1506.742354
2194.618161
772.939680
670.777296
1863.653992
327.086035
96.705964
472.620474
1942.172274
2692.597132
722.096519
97.209022
944.410077
10.744415
722.490046
753.573939
1303.045445
826.443717
334.702851
441.061276
2119.326121
34.636562
537.291469
688.789274
1902.830902
1936.768565
1040.894635
959.568708
460.380879
149.407690
799.764099
812.916547
1910.327158
2497.583422
509.202145
212.809622
1315.966352
2417.616646
1065.005150
849.643169
2020.917819
2113.238545
955.136353
823.433346
816.513543
2444.270237
696.538973
1092.969105
2154.440623
2356.263448
66.276534
979.383177
1775.120799
2801.768710
25.810085
582.480675
2145.852633
1988.294419
538.549801
74.897712
1108.526008
2261.244159
916.402258
1112.269418
2384.339185
2050.266630
1091.311556
886.947512
219.892649
847.113348
866.041608
615.508967
1787.141719
2192.334331
1018.660466
135.762740
29.089743
366.721962
69.887460
1061.833388
2165.819577
2627.751042
854.038676
1241.120815
2220.173760
156.069701
723.470646
915.986222
2281.707349
2412.435214
1112.548253
0.000000
211.455442
1954.885707
1282.776647
328.203441
1703.805277
856.522463
1290.305201
230.283368
784.116994
2182.604731
1191.904327
190.420149
535.513030
2506.719557
1098.936680
875.516820
1961.541568
144.966053
673.360529
913.266488
1677.895814
298.575144
162.110093
635.941337
2284.930744
1841.847375
661.365029
1007.574083
1888.616312
2383.435257
981.806625
1081.630711
145.322782
1530.563373
718.085306
88.254139
2612.641336
47.104634
1100.213979
857.791319
1614.458007
564.986389
267.582675
1207.618619
2196.398897
390.914060
381.959153
1258.659335
1997.249961
26.900530
166.968745
577.959824
1802.510684
882.612359
913.511628
733.054992
1664.112297
1243.366933
777.659064
1115.094024
2355.235622
1625.998749
1259.861944
78.189527
1319.257224
2650.826289
1449.503042
137.439468
2061.805504
1726.227561
1240.268086
11.083412
1130.147403
2527.969220
994.131594
1298.280058
2659.028842
2154.848166
1165.609349
1279.984721
2750.341586
2596.441056
1176.798590
1377.756081
2224.206153
2273.545866
1222.340810
128.062141
1912.692795
2120.544665
1473.220217
1524.337580
691.169445
466.086979
272.347696
643.537328
34.206247
2340.492554
1220.743589
510.858272
932.925697
1655.545355
1253.872088
546.302269
690.171222
2003.482944
1294.187745
895.380502
2129.989293
2247.383942
1440.387186
1339.682765
2215.914876
2136.947694
1347.674904
1360.792665
2521.876766
2678.601202
1375.792804
1085.485293
107.789487
489.541478
1395.397120
1452.556362
807.461782
792.148949
1307.679275
1530.121278
2346.753251
2151.684822
1540.088491
1175.496157
2138.073145
2199.233870
415.989670
802.331770
2510.044580
3016.364340
1577.807346
215.725165
2083.641590
2513.505683
1310.643125
165.338152
363.800343
1102.497262
1661.502714
840.593185
476.524989
2011.923349
1489.086588
1739.821812
144.845310
2059.025075
1281.520545
1553.950896
2172.708458
2622.611609
1776.005151
348.864879
1154.520541
2283.822537
1070.330014
1373.780356
2808.508286
2151.335390
1830.413871
1557.245585
2718.326589
2472.291202
345.066609
1706.217080
2850.072988
2139.705471
1688.696695
1676.770364
2884.820980
2932.680802
1744.252644
1086.219051
83.836444
1750.323756
1817.695524
1762.452893
2569.570155
3269.941859
1744.729398
1658.922111
1828.746971
1856.784159
813.168985
1840.452603
728.189783
1301.485997
1846.045770
2013.927919
3177.365417
2874.515704
1455.772754
1621.656488
1886.149207
2722.343758
1799.562648
131.422767
2200.417639
1313.537533
1002.208099
1193.922170
2538.170754
504.173737
1253.368600
1421.914610
1308.877115
2526.300978
1774.358232
1633.476894
573.226797
1546.477020
1435.158393
1476.908838
2442.666350
1720.439694
1471.672459
1669.958292
2375.243703
2479.114465
2129.905685
2056.743479
2877.278600
2819.203670
2402.513200
1554.300208
1847.718364
3031.490809
1776.259029
1805.150149
2770.224129
2569.010333
1101.362400
1794.095037
2935.213290
3252.289258
1691.594824
1939.350326
2991.909649
3114.592068
1888.142393
427.915805
1885.346557
1314.463123
1931.011715
1960.162190
2425.899016
2737.115859
1558.460484
556.281595
1172.430835
2474.525377
1922.129073
951.942273
630.377522
1322.861126
2094.890877
2088.182376
2624.617476
326.985014
1542.677430
1318.902925
2404.544722
2671.670293
2259.531495
1988.798882
1358.424846
253.426977
1854.400132
1789.483610
3043.900792
1826.267414
2122.498430
2004.781759
2553.043504
2888.235009
2198.664560
1973.904025
3188.578202
2459.479459
1829.200028
1448.360971
1373.433052
1695.400930
1759.681159
2120.477345
3008.139848
2863.770931
2140.051066
2182.043399
2923.652527
2912.093400
2594.340277
2308.348652
434.081701
2447.726223
525.064368
1637.354027
3528.420904
3001.904180
278.887798
1766.184860
574.665868
2123.095321
2105.118361
143.853252
2858.848702
3200.971076
407.927297
1559.088935
367.265515
2286.179545
2668.612732
2333.958793
3225.009899
3176.846369
2629.185595
2449.676117
3009.773753
3214.667972
2015.193597
1685.536771
3058.748298
551.231874
1634.310858
2414.168377
3000.029947
3138.845278
2625.062004
1931.964233
1915.602009
1770.830890
2381.235117
2418.754664
803.986401
1881.373113
2689.594387
2181.677504
468.015701
1520.442449
2417.553423
2605.833779
3004.519616
3083.396644
786.654710
1245.073076
3380.095014
3106.485003
2658.205970
2484.753295
709.469354
942.267564
520.761507
1499.760658
3217.814395
2228.743375
2312.959514
2854.136557
3331.810558
2350.468498
2078.136714
2650.965022
1503.879587
702.170813
2664.047679
2592.865161
3525.574857
2390.130698
2483.030360
2486.417181
745.864544
1957.128126
1493.518972
359.049601
3143.053259
690.998352
1507.588078
151.678501
3022.374399
2945.758981
933.015293
904.729946
3630.843645
18.343838
2465.679053
2757.803080
3400.270977
2506.210756
2317.728540
2468.873392
3504.347374
3364.834127
2750.741852
2448.491208
3242.494795
2056.099819
2019.360489
2369.037898
3203.086661
197.677526
1855.679738
2248.070886
2545.507890
2846.216609
2534.322306
2621.085918
3556.679331
2045.433492
2861.489279
2003.917339
3286.826947
2143.160626
2530.704481
2714.770494
3119.256853
2732.784642
2885.624946
2622.379259
3307.575790
2953.524072
2906.301261
2824.976592
3102.935225
2769.215579
2932.019326
2691.230939
2011.039699
3095.050122
2625.466460
2098.911516
2631.545348
2557.946878
1743.953947
2274.753833
2791.646662
2365.012851
2233.124568
2387.113096
1048.737029
1007.002740
2475.210544
2685.753472
12.978738
2506.606598
2732.643547
2625.120649
2953.686525
1905.495134
132.731453
2640.961620
3715.797965
3652.626043
3163.517517
2892.982820
2446.239046
3104.539296
2990.686630
3028.254398
3547.939312
3058.756428
2765.235554
3019.072048
3343.892473
3187.692636
2719.866501
2773.081878
3158.944978
2845.357080
1414.339273
632.932639
2675.524049
2839.241575
2883.233999
2545.874198
2935.719181
2651.975036
2246.070411
2299.500045
2983.290011
2500.413859
2486.556072
2599.709132
3611.659796
3020.620216
2691.677079
2852.158813
3377.722237
2545.891003
3086.386452
335.588251
2470.707302
1838.735405
2877.700448
2346.231952
2935.990798
3355.203585
2559.913184
3047.540903
3206.961275
3075.415405
721.032459
960.555064
2930.505483
2438.260127
2509.016173
2816.639839
3845.910953
2138.642197
2809.013157
2032.310776
3462.809494
2880.907213
2717.365641
2622.176199
3115.761071
1728.170992
396.331736
712.864722
1604.257408
2277.149922
2796.601726
1588.931235
635.573945
2131.009556
2785.465583
2934.936205
3442.626963
2914.975084
3053.478010
2932.562289
1623.231622
740.311438
2778.463064
3608.123021
3096.960152
2942.011157
2966.816520
3506.099631
3810.870935
3161.612222
3502.995756
2302.990622
3362.772060
3850.388723
3329.235167
3321.529187
3880.537467
2627.793894
3220.849109
3293.799040
449.920987
1632.273304
3656.001030
3016.037431
3750.551299
2903.284621
3393.738352
3595.533411
461.144184
3156.811902
1924.995707
295.609259
4125.191463
2852.728801
2635.229803
2316.869784
109.119506
2846.987383
3326.685611
2004.344026
298.333458
2180.881041
3409.544671
1978.173128
1970.605829
2109.509139
3698.688211
3149.897580
3504.738881
3501.612513
3139.523743
3923.252254
2297.281870
3435.975247
3132.381198
2866.982645
3590.684913
1887.237701
100.658676
3648.090175
2872.140338
3233.289959
360.410832
521.695388
1105.186394
3673.591483
3213.769409
3450.074349
1408.928621
454.053590
2847.110481
3063.150493
3730.273385
2174.862783
2845.078527
2456.569353
3895.961853
0.000000
719.333336
2932.685543
2179.091386
3388.576888
1041.091701
1685.604631
3556.657290
3156.184865
3182.831855
3584.838383
3965.689287
3235.338404
3282.859767
3599.852775
3695.904792
3071.307202
3098.993447
2986.431576
3543.813793
2850.169327
2667.306155
3352.925988
2071.814852
3355.176901
3511.097982
2946.526546
2624.046328
3214.550457
2458.410675
3440.356689
3475.782553
2057.599396
3194.782948
1667.201576
3436.896193
2962.412945
3221.437109
3448.796995
1676.405648
1929.292120
1137.954589
361.086225
3700.419575
2796.159582
2592.769998
3128.586366
3788.204670
3349.954087
1499.356713
973.657084
3130.931692
3313.922738
2432.139007
2925.480134
3251.152236
2414.112069
2393.576843
3417.515850
3788.538691
4044.351013
3393.655943
3927.909469
3780.031602
3802.869276
3163.582969
3877.420141
3181.638937
3537.423650
247.870277
2197.826750
998.756730
2076.157492
3660.779104
3729.695502
3154.284751
1876.651979
859.709827
4017.247531
49.903182
2302.420426
3255.950200
3271.279557
2357.378995
393.105279
3005.901893
3598.406949
3576.947889
3056.530105
560.199124
1965.294148
3636.979107
3256.727919
1112.727455
600.744726
3725.721316
2191.850945
244.740385
3430.460361
3665.111374
3431.347774
2868.508261
3440.361733
3758.977555
3927.793899
3240.696023
3835.273134
4141.328526
3371.380917
3905.976798
4040.414653
2993.270740
3012.046718
4223.928249
3429.742322
4223.207121
3240.828597
4158.229360
3959.524311
4154.371118
3881.013086
1497.371262
1581.702293
3999.844446
3051.157330
4078.789842
3517.503718
2140.366834
315.433150
3679.834916
3462.195224
3104.410860
3189.307080
1200.948483
1178.355150
3199.309214
3648.881117
2492.939704
3602.993129
1356.467538
1164.516216
3585.644260
3675.810884
3963.857700
3944.730701
4063.661449
3795.545534
3864.247489
4121.471563
3911.085880
2450.287813
3824.545678
3723.469713
3718.037792
4061.112106
1328.760173
802.651257
2910.371530
3901.951217
3976.867641
3786.880915
2991.058049
3875.755531
3973.289742
769.473645
2460.483911
1263.814069
2172.041902
3104.597961
3934.167443
511.962376
1010.016665
950.150042
1358.064459
1425.957033
3417.195294
2996.493540
2325.077510
3266.914019
2834.687028
2902.136954
2414.425708
3303.013689
3315.688010
3370.871217
3150.971485
3498.085415
4180.285989
3054.980111
3376.790591
2365.801485
3448.262758
3875.419951
3107.349575
4178.740533
3689.071179
3402.214993
3087.990803
2095.345665
566.162782
3534.895844
2986.602766
31.920913
2291.245266
3367.140019
2965.838099
3394.716548
3039.737847
3698.416512
2871.757727
2068.243030
485.527504
3492.286628
3120.922474
3477.691113
567.871710
2630.547342
3400.515811
3980.298241
3373.453002
3558.806912
3392.972385
3685.731415
3503.816185
3243.294658
3645.260154
3361.871397
3487.054384
3041.003672
3994.164355
3510.588890
3456.658783
3110.911035
3341.797934
3611.230554
3426.288701
364.343339
2062.149967
2671.978656
3628.064896
2940.969042
3510.520770
3063.582301
2850.433479
3152.874363
3222.115143
3494.467223
3378.534595
2746.397041
379.221876
3159.457522
3355.857048
2903.963896
3390.635212
4048.070573
3573.175076
2911.884039
3037.588248
3655.758554
3502.312740
3281.190761
3043.933381
4080.438773
2081.856867
3355.636640
3221.198918
3728.266322
2340.049495
3457.166092
3257.973332
3971.420757
3900.026665
0.000000
2815.312892
3846.622384
3934.398649
3636.617121
2328.032088
3845.961982
3892.082413
3630.676057
2360.208055
178.689402
3623.098668
3818.038984
2810.065696
3426.075069
3784.160978
3637.310739
3370.447678
2693.634314
4072.489345
3468.345065
3904.379505
4128.910590
3374.458247
811.690372
1621.568926
3836.653098
3856.265722
3563.160393
3164.299938
4112.283542
3900.124093
3395.021118
3427.941163
4399.997606
3934.380522
875.092324
2258.701900
4471.807548
3398.792255
2537.816052
2851.279756
4306.656103
3573.022237
2659.275119
4019.081052
3094.520783
3756.417880
1966.855567
4080.871651
3248.474944
3903.153608
3443.621979
4632.937954
2825.165503
2055.726426
3098.783870
4488.963432
3593.548918
3834.205622
3748.557393
3990.497401
4250.355446
3917.094547
2593.569555
2605.944817
261.252596
3882.869188
2572.496263
3026.562106
2638.243831
224.255950
1941.392642
955.980474
3120.555282
3106.779809
3074.478097
2616.888137
4286.131841
4220.381659
3654.010913
3296.809788
4140.489509
4161.920153
3389.580464
2248.927066
4704.995682
2545.202184
218.838132
57.113210
4676.046026
2852.992155
3251.646976
3548.882986
4083.783759
3827.162511
2940.553235
3451.599012
4007.742316
3578.902457
3413.071427
3608.866721
2704.665703
3231.162225
3301.941771
1167.724372
2131.425236
2637.975391
3628.479945
3819.155954
2692.972830
3702.668726
3274.780491
3415.037838
2458.989044
3904.357865
3362.294541
2034.176526
3637.460210
2926.228074
3437.789613
1071.290073
1340.179759
3869.959210
3172.829444
1580.454603
3862.983642
3638.929658
3215.680562
1472.585640
2033.700167
3425.442255
3477.061609
2565.891400
2921.038609
4304.112312
3452.379656
2899.908789
3650.325452
4178.019690
2446.211503
2523.053275
3082.445520
4085.586253
3547.940666
2320.637217
3722.971349
3463.155377
2477.935982
2280.229588
4612.816304
3751.273164
3520.411373
1915.303920
472.310548
3072.944461
1192.254792
1533.312671
4447.861037
3342.836739
3611.217917
2950.747317
4555.921364
1260.724250
1744.909190
3244.030867
3691.241948
3729.804288
3680.253277
2903.106516
1573.283780
3699.805020
2838.017859
3879.922267
2522.439315
3599.371089
3531.004396
4008.657234
3111.937372
3108.753264
3132.467745
771.204242
1583.316605
2906.560007
1658.156001
1781.824440
3611.869501
241.964597
2686.237890
3208.784029
3117.847607
609.720241
1956.024105
4672.154695
3315.371200
3226.834376
380.340479
2020.995013
468.052109
3661.671960
2179.136174
1255.801702
2747.138065
3649.360621
3486.077787
4073.678843
3775.595997
3421.806787
3027.352360
2857.288192
3814.988824
3420.006372
2257.005572
4020.477867
3381.943225
3371.309839
3330.401155
4031.881481
3751.965049
2903.055958
2848.547122
3481.299842
3545.528961
3690.708080
3188.871485
4518.855918
3358.318215
311.281478
2658.721359
3693.455242
236.315064
126.742220
2525.875764
3746.196010
3167.166726
3500.587737
3282.502208
3801.767527
3250.035276
2772.476375
3195.473936
3830.037361
1943.315270
3914.392529
3795.073464
3124.123816
3683.722270
3759.989544
3153.934029
3335.154926
2868.447785
2865.773731
2988.648799
3464.795141
3822.283779
3102.017291
3127.019081
1664.987083
1882.862585
3474.862268
3147.837615
4157.293341
2970.885765
3647.977051
2958.259779
1749.105511
779.146574
3060.413019
3167.339324
3509.703942
2325.966050
345.473957
1598.114106
3184.466066
1802.800603
348.915265
2907.463469
4062.656818
2428.029260
3214.641231
87.517060
4087.286430
4019.832099
3278.214084
3463.385553
4340.522466
1345.508284
998.831715
3440.274314
3683.921697
4301.982095
3182.106922
2598.124268
2214.178210
632.357173
2266.438158
3096.043883
3720.397497
3024.746802
3259.680832
3343.927921
2991.803536
4145.065510
3362.323274
2621.332851
1899.542485
3708.476787
3993.109594
3052.819610
2074.100045
4036.633992
3679.262535
2905.172531
2765.811524
3811.333006
4179.139070
1940.607061
933.467578
3703.842672
2745.667798
2573.158067
2696.840216
3691.423581
3558.120240
2660.204398
2764.006662
4134.834990
3118.151157
3610.502799
2199.675555
4351.522856
3973.832727
2807.147846
3351.396959
3553.143915
3225.844847
3265.610002
3311.071620
4195.727359
3361.230941
2867.197396
3667.689821
3398.532135
1084.146196
1340.973349
453.466251
2738.909403
1166.783631
1440.662329
3758.248841
3149.729380
3210.138314
2624.428950
3939.661079
339.973700
2619.935369
3106.241343
3380.670452
3782.718194
3325.435854
2166.718287
3670.130993
3411.592938
3921.239822
3127.795913
4040.481079
4037.125356
2322.795700
294.264254
3413.872819
3637.359307
3617.358249
3027.927974
1045.985291
1973.216197
206.117721
2157.648626
1558.963210
1289.887259
2902.435150
2938.745460
3138.532018
2965.929797
2538.933528
2491.097202
3073.513951
3326.973042
2562.134707
595.280399
2046.729826
3007.677703
2310.892177
1849.058747
3115.681609
2889.667303
2650.371099
2519.564005
3199.280283
3609.917666
2935.375343
2702.183156
2893.834396
4191.468020
3370.805806
2928.903864
3688.827369
4205.111500
3175.984601
3314.961125
3445.881566
3482.379978
3451.134553
2582.772509
4030.253434
4103.942034
2282.454436
3296.943252
4086.449628
4706.534102
177.252832
3218.308553
4762.393125
4159.879418
3686.141530
3649.777750
4269.169934
4143.031356
3769.121501
3333.133772
4853.175873
3465.762166
3529.153114
3043.805367
449.891917
1716.752640
3492.408223
3383.713069
3767.994714
3511.995310
3682.013957
3459.611733
4230.061339
1456.078921
1625.431563
3472.980262
4577.830248
3642.229963
1899.682444
3688.788962
4049.543299
3805.191356
3730.892582
2119.524426
369.017464
4117.009093
3785.633336
2687.845181
4407.454400
3702.386109
3700.251383
3148.041672
4155.883833
3422.718753
3899.875882
4194.322396
3975.784421
4663.999524
3699.898730
4244.207540
3891.670123
4607.259680
4006.732449
1178.019717
2362.012811
516.543946
2978.868244
3696.181254
4196.962354
3740.373091
3892.862018
3561.389551
4370.635342
4362.659968
3506.951199
2605.220631
4206.630286
3324.854249
4400.530851
3665.426385
3153.387465
3772.751622
3984.968739
3172.046614
3829.042900
2616.516042
3696.643967
3494.979230
3805.555237
4054.014272
3757.803888
3258.219750
4099.933442
4633.487604
2885.067145
3570.849005
4276.631333
3751.064612
3763.884874
3116.849744
4647.589223
3654.446370
239.627801
2739.056514
3526.648366
4363.402536
1497.974649
1084.364723
4164.173373
2261.132190
4038.163429
3596.805576
4052.101079
4366.847715
2566.193367
3055.464760
3633.479742
4691.753619
1346.074270
1785.505531
4171.904117
3148.106115
2735.107577
2420.827145
422.406185
4585.070705
2539.618412
3631.115536
2412.514384
4.486737
3730.784741
4074.918485
3947.754050
3151.928760
3648.984959
3979.337936
4122.708334
4738.941615
3766.132431
3919.448890
3314.793499
4209.861103
3901.274882
3726.426220
3719.418501
4287.261528
4268.633829
4130.507884
2759.664408
317.159150
3798.355466
3638.687704
4286.298393
4454.047760
3947.259702
3926.929223
3653.467391
3045.733528
3744.577753
3783.851682
3701.256228
4293.355688
3762.503724
3737.763106
3005.048846
4297.438280
3627.527260
2153.414848
3353.172737
1255.521896
1798.052552
3116.542134
3270.761016
4181.068279
3856.122348
3336.587788
4002.591620
3824.022476
3708.447930
2879.896333
4399.001314
2131.391903
245.469946
2617.907298
3276.570790
3787.934908
3693.845149
3261.943608
4323.812900
4193.792324
355.615586
2692.265239
1183.346223
1994.331739
3649.780063
2800.584486
3276.617558
3065.665752
3420.651855
3263.675794
3715.841269
3381.125388
3680.436491
1496.914200
1012.262670
4311.246687
3743.750381
3538.314524
4035.749689
2379.669574
100.453517
3219.059662
4408.191364
3263.409860
3407.920765
3168.091979
4566.045269
4416.760677
3528.285780
3211.269669
2408.734263
671.677077
3649.376086
2950.053901
818.108453
2276.348895
3488.001393
3169.075346
908.455872
1196.896826
2160.143291
3516.097989
4493.883259
3764.696054
4109.916653
3389.719314
3792.415734
3532.098364
2872.934509
3455.089958
4768.784702
3656.998169
3575.137275
3418.715571
3428.090431
6.392291
3546.573698
3210.614872
4238.969606
4464.839119
3452.716386
4056.005162
2523.422122
662.657606
3059.975038
2236.025596
519.800852
4408.421865
4168.552914
3337.974410
3917.550468
4072.439297
3930.814211
1945.918383
4594.207224
3615.634078
3382.086966
2863.976864
4511.316966
805.943095
1417.197605
3146.710966
4655.470497
3847.557364
3812.661416
3620.549910
1753.668959
1127.651805
3908.732161
2891.821151
4297.081420
3675.345385
4074.834177
3678.251045
4418.398776
4011.062180
3910.089361
3325.886588
4762.033987
4422.043602
249.308043
1752.615447
4831.674048
3857.309659
3422.798946
2911.325290
4694.090795
4311.378575
3360.473819
3045.732117
4173.401553
4247.166966
3826.357973
2573.571576
3830.396289
3803.043211
3806.750438
3278.920930
4544.406213
3686.419607
3662.773834
2701.400175
4.645319
4675.232257
2879.421164
2951.229659
3979.547397
4568.718003
3306.517868
3258.350251
3048.160740
3499.604204
2951.396534
2893.740505
4178.088769
2930.999502
2996.596754
3862.287085
4186.514859
2857.006111
3691.087750
3199.774160
4521.127097
3919.594368
2537.468287
2945.144121
4468.368469
4928.223856
3788.446130
3174.183506
4415.427652
4835.835704
4200.667791
2896.113904
4710.492147
4762.520985
3574.065461
3270.582054
4389.393238
4087.479564
4100.244140
3302.406767
4587.856534
3468.215440
4285.148919
3356.217726
3635.595309
4678.922476
3517.769116
3467.255079
3701.069144
4351.209120
3164.990231
3132.881078
4120.923520
4038.678609
3270.284545
3663.142957
4319.599670
4379.702972
2355.812689
3659.722338
4021.676013
4626.457940
3831.298627
4112.700960
4097.911450
4359.092734
0.000000
3249.209139
4233.847905
4016.185697
4093.649934
2881.456904
4436.381544
4079.122295
3663.620741
2755.636420
4500.462665
4342.055105
3608.672045
2471.800697
4340.026668
4599.455659
4511.782940
3499.772406
4409.612520
4506.360900
4337.244936
3432.193624
4196.213141
4967.710446
3743.323525
3288.529826
4500.443356
4761.742894
4407.168387
3241.597739
5113.926932
4098.186667
3662.260172
2912.483208
5126.929118
3520.777025
3937.411558
3409.557589
4425.760198
1705.077693
3730.553851
3184.092455
4304.176476
4321.500004
3418.946344
3674.955134
3947.550976
4046.728573
3331.129569
2878.591122
4189.011261
4800.352949
3935.408993
3922.980865
4098.914559
4878.287195
3976.028919
3183.693788
3766.344021
4516.669498
3826.472664
3107.563444
3384.463622
4564.522138
140.521258
2771.284123
3124.679187
4373.568495
2539.635324
3103.946981
879.531981
1005.784268
4154.070657
3225.107561
2537.676165
2453.849612
647.260766
4176.440568
2547.534632
833.906920
2376.694031
3996.915631
765.919090
1405.747163
3955.938412
1542.611852
469.636773
317.387923
3893.300212
2156.108706
2883.379736
4960.767047
3928.633771
675.529238
2019.983461
3629.391404
4409.661519
2403.309580
2389.717634
2556.225856
255.408117
19.858675
1235.111232
1432.093415
3741.998620
3576.556364
3088.268799
4404.562392
3316.758797
3493.457793
2452.846672
4282.810056
3823.931488
3970.655293
2630.896023
4577.739625
4139.161715
3687.482773
2491.258007
4371.469649
4600.003688
3474.092259
2065.901836
1868.654826
1523.150219
962.575571
913.831686
4102.947229
2336.176566
4256.986327
400.719779
3809.340420
3271.768130
3465.935719
1486.399055
4347.147963
2788.958702
49.276833
2209.360687
4705.085420
4290.177543
1264.811474
409.205960
4172.626471
4280.196918
3626.636843
1789.006481
3836.376154
2436.607955
2862.048519
1762.998268
4502.348098
2474.201994
512.577220
2715.621948
4606.364002
3800.590961
3361.847196
3725.910048
4050.056040
3455.241846
3754.702486
4316.129719
3972.926244
4388.694062
1645.293189
1707.276635
4404.670460
3955.971126
193.993213
4178.009614
4575.015842
3839.388580
3971.695907
4145.843773
3748.018038
3462.385515
3300.436064
2273.751117
581.892664
4105.180773
3887.177800
3931.138850
394.588592
3604.663716
3155.383883
3785.763618
563.948900
3738.248488
3445.432560
3794.907776
3397.585623
3578.130597
4231.237814
3909.101957
4223.301420
2335.147387
804.377272
886.666173
2746.217698
2664.573254
3254.842175
4370.264054
3890.240972
4041.961518
3508.641285
4498.200632
3441.224206
3899.148502
3763.557030
4598.911296
3268.758846
178.726639
3506.057287
4413.954652
4050.479910
3896.887322
2918.348860
287.568409
3353.612103
2648.018515
397.363312
3658.779594
4120.366586
4093.080131
3242.912410
2538.020675
506.719616
339.339530
3500.041633
4039.114680
4292.707455
3654.305316
3149.473396
4512.317286
4275.082241
2836.988111
0.000000
4424.462900
3948.753941
3533.643286
3182.830008
4432.236302
4838.968129
2506.847746
3612.865093
243.043492
2923.520553
3609.426319
3235.581821
4557.931577
3355.225806
4074.575070
3595.810943
4550.651310
5039.691378
3752.152692
4205.204838
53.875733
4352.631792
4145.089079
609.536062
3396.737509
4664.186604
3892.564160
3427.372184
4497.925638
4040.490586
3624.447157
25.883686
4279.410527
1824.811874
1149.684200
3260.140257
4230.510476
529.857670
2563.893433
3132.626100
4030.246182
4524.087728
3481.900925
3273.137622
3920.800052
4679.470582
4055.027424
1249.833010
2156.517550
3430.243292
1907.575464
1133.664859
1583.773319
2499.750247
2641.936131
2258.192107
942.543584
4444.412810
3670.109053
2829.998238
4285.608419
2977.693552
4034.921458
3742.533838
2867.180281
851.698882
3968.096402
3509.153627
4382.977949
2595.302576
710.090402
3145.549674
4274.417474
4548.301972
4121.654564
3011.283683
4167.953923
4605.964797
4410.967418
4145.621188
4278.803383
4497.413389
4471.864346
3516.896449
4576.972018
5286.313320
2967.471790
3157.795473
4293.475907
4444.305357
3773.944192
3283.069988
4234.922596
3392.854803
3860.444670
3345.822279
1262.789875
1894.378715
3801.217403
870.388521
2883.233909
3975.145904
3708.284395
2967.800643
4319.646615
2508.375419
3421.843130
3047.906152
4269.837142
4485.068008
3661.403443
3330.518035
4214.441078
4032.418771
3676.120909
3460.638652
4835.956933
2739.877499
3929.723952
3272.520502
5014.942822
4393.981555
3333.040348
3071.100648
4755.196795
4238.723599
3911.315873
3166.545837
4580.495270
4794.275835
2313.249585
903.259712
685.633954
3974.745434
3727.561986
3586.379149
815.547597
2077.216943
142.169079
2975.344437
4488.773555
4413.036920
3718.244341
2892.300840
3735.114851
4546.968835
4425.051386
3517.414446
4195.366000
4383.978713
4330.588179
211.774955
3963.339242
4641.385309
3901.033300
2721.105797
990.849597
3141.389725
4497.155148
3742.913342
4159.381758
4434.915435
2578.281452
4086.936075
4544.913659
1927.316265
1656.483662
3058.685025
4494.540650
4862.663941
4634.751605
4211.788204
3896.132395
4667.799752
3041.239473
3374.408275
2648.429532
761.880736
4092.113085
3453.261916
3319.255983
4842.072814
3997.949690
4230.443085
3386.277094
4611.124851
3984.028302
3584.511011
3469.057536
4330.161878
3047.300481
3812.275795
2833.272440
1843.538620
1633.372423
3587.604701
2147.816443
4655.910596
4363.809503
2950.233911
126.322386
3844.349620
4293.019327
1555.549259
1190.654389
1775.459402
977.039569
3492.986802
2555.553906
3798.365491
4686.800901
2680.277450
293.469608
4685.560909
1231.693595
2071.425389
3257.805590
4807.869124
3957.314543
3618.667965
4014.072990
4876.385732
4077.619847
4084.996645
1175.883966
1812.261733
3999.430213
3260.480442
3782.527559
4533.619902
4074.665252
3526.947037
4110.950176
978.402124
2308.688140
3705.355456
4178.915904
1865.376709
1613.162463
999.757067
2445.187535
3986.986433
3652.049375
3199.984935
4165.898596
3718.895447
3909.939580
3075.534258
4266.484238
4335.993448
3254.222145
3477.582973
4116.245235
4807.780925
3479.883386
3476.528815
929.317928
2265.588022
3536.574135
2661.546851
3284.502317
4166.292583
3027.844050
3271.574159
3710.390220
5096.789834
3647.896989
2993.443933
3549.322613
4492.388583
329.243716
2695.018765
4369.034696
4427.299584
3894.961244
2584.874245
476.935112
4329.767634
3748.647275
3861.698893
3834.915902
5100.882003
3789.768510
11.284847
3481.688267
4107.159616
2708.482606
3259.361274
3695.614933
4408.234622
3708.644064
2772.423046
4049.380526
4579.119684
3626.075394
2773.176871
5051.965736
4715.683455
4191.826002
2875.178291
4035.279806
4271.987361
3580.141608
3787.249262
3930.170179
4270.907309
792.359907
2336.072143
4363.259421
4440.793242
3947.820260
3264.286972
4064.215733
4499.111158
4040.944178
3054.136121
3124.680267
4135.263217
3044.756008
3251.899139
4131.001055
4571.518694
3804.567559
3045.967665
4306.971537
4457.085045
4250.677162
3285.010335
3746.868286
4540.013438
2987.237861
3563.339263
4417.498747
3437.620287
4100.206876
3605.888107
4154.447819
4364.565188
1410.376011
762.292495
647.251305
4171.240843
4004.761441
3323.115351
4693.246284
3557.964881
3691.420801
1047.260211
2382.811631
3442.720344
2355.772643
2986.948481
4765.346576
3337.394417
3128.432336
3592.634196
4405.224267
2894.136157
737.842230
2043.113666
4727.232297
4257.935933
3601.493835
3599.562398
4828.130642
4286.616477
3821.932315
3165.116278
4562.023653
3985.469694
3686.904363
2556.282015
4785.049349
3665.807554
3988.049972
3570.257756
5444.487744
4115.096783
3465.522514
3092.912960
4897.529118
3448.310479
3639.639862
3007.811357
3303.284268
3706.063975
3141.315869
3186.096723
4474.631644
4061.189121
3285.535339
2876.550421
4581.914602
2531.519125
3311.707061
3429.591180
4257.265508
4095.868368
457.035429
2438.238044
4218.518709
4377.962958
3714.434579
1593.063853
4153.627935
4028.793286
2313.301182
2988.672035
4626.897391
3806.395358
253.053668
1784.417175
4487.790170
3559.836668
3652.783433
2165.161686
610.971759
1664.477989
3504.212234
2465.282456
5015.290986
3647.361406
3078.763900
1795.730061
256.639024
204.436106
3570.241823
2593.835760
4456.007213
3354.684261
3400.818722
1937.991642
4193.311633
3905.446067
4160.615760
1758.824024
4448.615048
3955.090163
3511.996127
2732.169356
2847.389731
908.249016
153.354044
1377.484002
4302.036045
3480.210650
2503.154042
2895.733458
3878.211819
2626.681319
4438.955113
2833.824539
3876.309540
4062.603174
304.298214
3275.446612
5062.160820
1882.372870
542.953112
3019.921644
3237.598394
3566.536064
3532.960905
3082.792227
4328.665401
3529.939511
3106.342620
3371.149083
4365.388565
2317.817983
2248.090467
2494.206059
3949.192341
3971.463841
3766.336308
3452.159253
5338.778051
4178.269373
4114.204299
209.370387
4176.391200
2488.708086
3347.756625
2307.079432
4263.627475
4167.072805
3588.610915
2975.969083
4425.581750
3630.971912
3418.653830
3168.530707
4140.897898
3842.038323
3141.135530
2997.592817
2960.003684
3557.446362
3188.891817
1716.666717
2892.813581
3336.744344
3142.473577
2383.404046
3926.356173
3358.240535
2334.211761
2612.163386
4777.639584
3933.315474
3468.026098
3051.337800
3674.120875
4015.774998
3659.817623
2955.612431
4324.510691
3919.767097
3127.152695
3228.075184
4275.268186
2448.682958
960.731398
3178.197489
3120.509512
3596.179367
3380.544616
3297.333369
5517.108883
1120.667393
2016.468774
2955.096778
143.116333
3351.370016
3460.425330
3067.295605
2809.452515
3672.823009
1169.388146
1336.937478
2858.769314
2935.263307
3242.613311
2716.344352
4002.030624
1836.917540
1337.628697
3255.120664
4407.688452
3632.556775
3488.236945
2999.650907
3640.384869
3070.024152
3300.814274
2912.721256
3717.005307
3601.713042
3037.746728
3571.056989
4487.604032
2875.801842
3395.965753
3470.743820
4511.775847
4422.525073
3736.723950
3023.320738
4731.478919
4141.214146
3142.467843
2956.301251
4821.369980
3653.774568
4122.630914
2961.521026
4201.578586
4223.030105
3664.124170
3327.897618
4291.750548
4198.877067
3793.674890
2847.055784
2962.973708
764.450341
4031.864806
48.832506
3679.157571
787.390805
2351.794508
2845.415173
3830.951883
4703.836164
3618.295048
2489.812142
712.360570
4691.453984
3866.190838
4053.108861
3953.135969
4632.608497
3494.677254
2906.096193
361.150269
4845.616918
2667.089450
2439.990662
864.706476
3582.912326
888.706158
2500.130467
791.293238
5368.846358
4276.713492
3270.618571
3605.312584
4831.154902
4181.220682
2661.840159
3345.711775
2572.894996
2167.521913
2991.150482
1371.611491
2331.087921
3463.938987
3186.379581
2355.324835
1863.908871
3316.207508
1512.731175
2093.617556
4715.039744
3368.402600
3333.984540
4004.610892
4799.465175
3963.546599
3652.392740
4314.468044
3769.749183
2859.306504
4059.102022
581.301187
9.205567
2503.735927
3226.613480
3011.946264
4379.264400
3398.126115
3396.310025
3991.920360
265.842590
3375.230642
2471.813523
2984.029743
4726.083510
3532.689734
2492.069874
355.739472
4455.063979
1018.711302
293.290951
1943.244777
4121.500368
3806.769190
3536.583504
3714.090074
4220.802562
3246.798974
266.005786
3980.974443
4314.366549
3553.362776
3535.065454
4027.744345
4191.087545
3349.812673
1541.522950
1243.391467
2666.568715
535.911565
3332.054034
4033.114549
4130.756728
3204.340633
2787.731169
2373.181086
1172.899874
3585.105333
2813.269253
3901.686988
1505.822190
2175.600875
2808.132652
3255.536488
4034.427953
2772.416218
2558.651665
3895.892253
3981.964119
2869.087404
310.209609
3510.327357
3718.909407
3065.854020
2772.061791
3942.274227
4328.052509
1669.085360
279.348415
1097.160921
3308.518401
2795.112980
543.078656
4376.996651
3786.658192
3001.424285
1931.485412
3013.186695
4711.832582
3655.899223
2172.162823
4542.504238
3444.718766
3571.968497
1741.626017
869.029070
3730.929746
3201.246559
1169.510116
4993.287151
2091.602887
575.027534
2582.458514
4733.351496
3637.256321
4016.124668
2175.480628
4037.299204
2821.670884
3217.172749
2506.334899
5344.586824
3767.110536
215.418400
2010.994459
4854.770207
3669.415672
3189.322981
2157.612255
4831.733230
4752.032814
3736.887568
2520.778841
5110.028875
4369.707393
3414.849935
3416.382522
4713.212364
581.166358
2286.372927
3167.982004
5011.369829
4193.108450
2854.621274
2588.528934
4896.637855
4046.538458
3523.103591
354.950080
3669.534652
4160.359919
4216.930507
3377.644966
4859.812290
4322.329694
3563.449677
3387.696836
4755.265935
4056.610261
2625.733111
3427.200278
5093.604841
3397.687801
3406.104054
2715.704381
4877.428377
2714.686765
3462.505622
2097.012352
4946.810738
4444.122883
3345.865272
2405.941709
4582.925739
4927.042533
3916.793205
3417.988450
3867.601867
4244.626747
4325.950176
3190.704929
2970.685693
4499.869518
3090.950356
3436.115967
3836.497909
4237.082554
3842.790678
2982.050561
3377.813698
4175.162355
3907.561415
3786.990686
3266.968183
4484.253125
3663.651865
3359.759458
5066.645521
4574.414781
3654.494887
3241.622571
4380.197122
5083.850142
3375.958686
2883.322333
4985.215510
4129.221932
3517.432712
2851.930135
4208.950434
4258.818751
3733.086110
3005.953820
3074.044971
4350.041231
3145.162395
3583.969852
3967.747991
4350.116503
3261.782694
2918.039664
3678.470818
4529.167281
3192.908696
2427.006799
3159.268931
2555.084014
2328.981101
2280.765461
132.404858
998.958705
1558.877414
3379.344307
3872.367814
4399.079336
1600.090161
998.640023
655.811941
3117.702907
3680.050694
2988.541464
3596.598691
4252.905559
2372.887883
1971.226192
466.454276
4647.442253
3369.409662
2996.122954
3663.200927
1977.096622
1087.687941
2743.238114
3389.295331
4239.369813
3372.880107
2299.093158
371.880013
3968.672907
2404.048556
3010.887777
3482.073350
2509.825862
3665.717715
3030.788387
2595.060369
4764.817363
6.713816
2776.932667
2804.394324
4941.420903
4112.257292
3453.571758
2907.617770
4929.289448
3867.494281
1029.030841
440.235389
2232.977833
1145.335473
1426.207814
3079.525462
4349.228877
4015.534141
2913.352155
3362.004049
2566.832030
3311.258669
2726.445061
3554.688283
4314.298370
3510.052876
1532.652713
1323.661154
4109.206892
3650.157448
3173.546737
3922.051119
4149.555693
2433.956158
2902.441258
4460.973027
2431.946576
3208.693751
2164.524469
4344.546952
4425.350226
3219.473862
2112.672961
5046.973866
4716.156982
2439.526566
2885.314178
4281.388736
4057.932454
3196.070541
2666.856259
521.474158
1620.569676
2100.049397
2848.048338
4426.764969
1132.813740
719.076683
509.384117
3077.997604
3969.137775
3060.539089
2713.763770
4151.632039
3958.267573
3209.911931
2856.807122
3516.640572
4217.695904
2961.252046
195.545906
2902.355100
2943.638924
2086.046651
32.477483
2784.599397
3760.195857
2932.012614
1983.916222
2081.918414
3677.398966
3210.082818
2483.490065
2782.496790
3878.475532
3220.305803
2582.736276
3922.145410
4092.682447
2494.988866
3080.270111
3993.186474
4311.669240
3315.782601
2628.516262
2981.861918
4617.130172
3480.202624
3035.418400
4226.250164
1254.196609
2034.578503
3039.828466
3978.712486
2275.235450
3337.448217
1470.055955
1571.475559
4107.478823
2671.304495
2912.232039
3695.095559
4586.518927
3567.460335
3086.820319
4538.768779
4441.625015
3521.271495
2870.494140
4413.908053
4409.757984
3988.592709
3170.805970
4451.964215
4466.928209
3515.194284
3133.339079
4475.296870
5088.425181
2890.954313
3079.921962
3627.933038
4488.172173
3381.994709
3465.232076
4013.584977
4533.234658
2652.814745
3210.753479
3163.802409
140.290159
3446.976752
2747.372379
3675.773310
2345.956613
3370.319764
3845.592898
3565.440885
2748.228150
3760.179942
2199.189629
4160.949205
4726.203704
2182.774997
593.521552
136.108217
5022.173021
3545.760456
3118.626643
5216.448613
4216.167816
3846.562581
3053.581028
4701.251660
4301.887081
3408.903655
3072.094790
4902.961923
4266.423888
3283.848120
3270.687165
3958.835041
4626.740824
4204.438897
3031.334319
3604.940743
4318.268449
3826.995500
2880.904505
3560.782947
4346.771727
3779.514423
2430.657475
3905.966301
1262.745388
2102.156616
2943.582377
3238.341995
2498.047334
3320.650220
3341.095983
3318.753581
12.834703
3046.650120
1141.956846
1115.721174
1488.098753
1868.041742
2513.975980
2990.224149
292.918372
2851.183268
3029.478691
3337.211657
4436.061740
3226.304698
2522.649612
3303.301917
4126.242223
3142.320469
3075.563980
2193.720697
4042.395559
3217.198138
3038.113361
2423.882240
4530.801117
2999.080679
2581.788291
2992.716042
4201.507319
2674.019632
2694.508996
2414.107715
4510.130152
3219.900137
2116.672543
1512.680927
569.999670
2398.803395
2928.691245
254.301927
3410.835271
3406.084597
2978.988873
817.651572
1163.266546
2913.573393
2308.533252
1474.421674
4361.677971
2939.193204
3012.725896
2028.829782
4726.857225
3578.161954
3473.761410
1814.892336
4570.986001
3823.874175
1340.302230
1031.114049
4580.251590
3509.449015
3371.087164
2626.034457
4309.438246
3957.117588
1198.847633
142.926419
954.743801
73.928902
1382.584038
375.806492
4945.021433
3288.535168
3043.526844
463.264136
3042.913440
3937.332387
2078.242983
3121.190350
4372.384684
1243.626262
1093.449158
4012.128480
4272.502912
3269.618510
1589.234309
2842.306202
2836.792585
2856.113496
2480.042844
2475.799078
1689.514639
1147.631601
1482.805914
3061.941494
4624.616642
2575.676268
2647.304227
2852.868261
4691.088435
3279.229374
2378.171112
2336.975401
1286.573339
2168.942093
2641.876237
3293.009308
4404.916890
3422.857951
3317.469996
2448.519449
5413.084821
4084.295385
3471.350608
2490.222848
5323.459790
892.893928
1214.529788
1300.510924
852.717926
2987.162441
2826.520520
2036.778956
4169.289977
3376.953380
2779.459349
1093.351625
1000.894049
1812.474450
2691.418720
1537.665914
4675.461551
3321.456783
2268.025589
1561.724745
3469.232908
3652.691488
1605.165373
1800.580854
3836.691318
3062.243760
2380.701828
2192.536635
3011.847211
2898.974993
2209.529764
1258.178950
3615.426621
3033.337840
3083.786017
831.127737
3237.694559
3068.039047
1375.894547
1580.255682
3977.421381
1220.220993
1772.472819
2347.378114
3912.595794
2213.524021
2336.908508
2696.085595
4132.920726
3515.164088
3251.187247
2617.226235
4291.994768
2586.677436
807.676174
1182.349494
3834.423456
3742.788584
2679.923723
2060.331890
4453.219455
3689.196966
3210.925044
1666.523877
4506.325326
3464.112421
2903.167223
1840.284027
4444.165288
4031.607018
242.682329
1578.547217
1775.724695
2831.114040
2913.948557
2801.531680
861.828858
2123.189994
267.066027
1656.821018
152.360181
4142.242144
2227.046983
1884.862568
4464.586987
1767.911206
3046.947843
2843.336679
5224.523350
2920.362621
1758.830974
2081.715610
4312.503371
2673.686462
1728.228818
1202.915448
1634.779467
3178.673783
2297.091009
2050.184002
4735.682670
2477.304163
3086.011045
1584.713110
591.913078
3576.345540
3547.274052
2685.425147
4739.954031
2803.949605
3779.162744
2381.276751
4099.879885
1052.454365
1134.578064
2454.512014
4080.619687
3780.853671
200.664220
1670.810870
1047.178948
3375.336322
2140.914326
2795.573178
4918.884284
1994.818474
2230.645674
2015.926743
3152.964115
3834.750500
1073.626226
1096.610670
4259.003859
1509.590637
495.321316
3144.158341
4268.860358
3538.910019
204.606106
1990.084798
4264.273522
3664.083973
1293.766324
1199.993210
4337.010533
3061.495742
2525.349768
3908.027659
4430.101172
1378.944225
757.452113
2517.698558
4734.982350
3309.633573
2967.229053
3875.523394
4316.734084
365.332604
1069.170328
2020.885311
4415.776982
1677.515944
2922.548213
2555.183184
4826.783503
3148.333174
1412.906769
436.606236
3886.174744
2573.076160
2766.144725
2144.319987
2544.620220
1684.867805
2587.359103
3170.205780
3996.362574
2860.545260
2371.727672
3976.171459
4529.691406
2553.811133
2925.303332
3123.563692
4033.736052
2832.769667
1308.364617
2373.794051
4504.660490
3889.697401
2019.690815
3556.489870
2965.760647
3022.338615
2526.684241
4231.424850
3742.777457
3126.329347
1986.210100
4436.308292
4133.429503
2449.103698
87.646338
3203.834798
4804.291797
3084.274723
298.751500
3520.737320
4690.372883
357.840537
1851.276000
4307.002516
3565.659288
3401.216683
2311.588548
4635.852086
4407.224790
3868.723027
1953.939071
4210.567171
4358.820404
353.010873
2106.761692
4296.100665
4112.275111
3569.423685
2169.213969
4264.599345
3672.228689
2802.806198
2192.105666
3783.981481
2239.874284
336.578006
223.631580
3804.523585
4632.498781
2742.225654
2522.978620
4353.446210
2592.612988
938.882685
2927.210107
26.950682
2462.895792
3548.331520
2001.796996
4724.734738
4545.148919
3271.296931
1799.195889
4534.215934
4650.691022
3462.871603
2481.915119
4579.833226
3811.514896
4174.596630
2389.534526
4198.564979
143.543288
3295.812028
1253.341365
4530.089995
4191.887362
3582.466461
3349.296635
2818.872108
5073.205070
3336.410127
2866.055289
3935.340609
3122.343406
3975.910244
3453.224681
3476.675024
4625.579101
290.819197
3333.738384
3546.162039
4800.179796
3909.965137
2477.325277
3376.786455
4151.118683
3707.207562
2887.342804
3589.216739
2991.167194
170.327262
2792.396914
2487.318596
4216.589110
3571.170325
2051.201338
2983.858141
2284.351364
805.289814
2716.763048
2890.590112
997.089891
2810.692568
3020.941927
2873.765690
2817.440074
115.379113
2161.106307
2891.499311
3476.186050
3636.970848
3303.086570
3496.353505
4133.969957
3800.928768
3318.182152
2589.884125
3628.702274
3279.399250
3471.699421
3188.342211
4377.545845
3948.372919
3542.446715
2119.126963
4032.890278
4223.340282
2565.965486
288.105300
4519.685796
4190.962267
3068.589111
2402.535860
4049.865131
3389.815328
2669.787748
2443.337369
4442.173520
3703.362255
3048.907611
2979.838728
4394.037426
3308.273704
3570.148092
2971.777675
4460.150291
4214.355521
3424.267100
2993.478654
4549.719938
2681.787275
84.358741
2026.143560
4285.264787
4219.331798
3080.669662
3533.614854
4950.598236
3325.286338
2666.200874
1826.683314
1050.178179
430.970015
2452.229909
3830.407517
5089.198665
3534.516606
3128.305631
2914.255501
4041.036134
2089.370684
3110.171683
2274.091901
4837.059902
3592.387187
3751.466703
2440.934539
916.160299
2525.891412
2885.458113
652.903587
2711.647776
1580.179832
1484.944133
2718.196978
4238.456020
2620.079659
2465.985105
2277.120290
5028.748484
4157.931908
2381.175215
840.213326
2382.215190
3078.901306
2444.996834
2719.772036
4317.665446
4190.152579
2759.358539
3919.829812
4425.787928
3088.539683
3018.624740
1226.039825
2097.441671
836.609702
2282.320250
3259.886076
4579.669161
3132.309958
3193.525532
3915.493257
4225.642131
3571.414705
2538.154966
3627.317539
2172.922269
3521.236235
3189.926808
3240.111177
4495.461477
3746.767386
2394.317800
579.902414
4424.513349
2992.376082
3242.188081
3341.371012
4799.832375
3514.798009
3150.258267
4059.395103
4061.627192
3458.192931
191.510586
4118.341175
4289.637526
3192.316301
2729.836172
3843.874260
5044.397982
3935.666054
2838.900592
3515.657943
753.069036
3014.825545
3182.891435
3472.988079
2625.638014
3686.818536
822.705750
887.627815
1290.994077
3484.785253
2957.845765
3537.079677
4313.254784
2231.106455
1515.121156
1591.874160
4849.891693
2986.844743
3582.267565
2400.228737
4329.664426
3496.185310
1379.611185
1009.825097
77.020605
3666.467185
2020.072825
2035.940347
4297.201720
751.991022
1814.629809
2654.908653
4749.921027
4172.022785
1787.640075
1845.982455
5393.856746
2806.947401
3091.700114
3775.895975
2166.826876
3673.370248
2269.535480
2981.842474
4065.239750
3182.188261
3272.368768
3377.800019
4572.180386
3671.988594
2027.491732
1950.868884
1812.607301
1641.966828
2450.667587
3468.818803
5038.866516
3893.849469
3559.228686
3055.093920
4650.754400
3475.619788
2775.683587
2888.489473
3879.023070
3787.646035
2763.966392
3753.292260
4878.066694
3739.005961
1297.397652
1197.956348
2532.436223
4198.322399
2501.578813
3039.417682
5104.105894
2879.314893
549.089737
2921.791254
4712.897436
4052.091045
2409.023706
2379.616491
5156.208525
2781.713411
3394.415657
2550.993923
4674.777212
3596.552918
3144.750832
2526.680844
1724.656594
2063.949346
2499.123041
1693.316128
4644.418258
2559.079319
2864.393548
1694.770451
1041.752140
3610.977628
3075.910455
3214.604511
4581.240352
2144.426301
345.986396
3094.020467
4974.818967
3340.294500
3112.990232
3413.002954
4177.326889
595.904767
155.363779
3288.754881
4839.101054
3356.088028
2718.331226
3708.851619
4519.184948
3312.783436
1872.872153
511.667197
4572.136674
3781.945787
2431.505975
3599.262576
4392.898042
3203.136221
2411.050170
4022.998766
4721.763418
3505.290894
1472.074259
1255.213428
3115.288160
2287.976944
2537.803354
2436.420799
4327.247149
3385.083297
1957.915636
3805.716748
194.575560
3034.070957
2401.843577
3500.392776
4280.156888
3456.845620
3149.271012
2894.593578
4261.568329
3682.070793
2777.748681
4224.966017
1170.881941
2787.643813
1655.620846
4611.038114
3126.173054
2204.490809
370.448249
3554.195315
4563.233614
333.146534
2311.043601
4058.751544
4307.810394
3636.304615
3275.965422
4628.143304
0.000000
3948.592629
2217.013831
3975.171853
4172.153176
2724.227895
2305.087392
4387.912910
1260.193573
1781.262127
2329.820513
3742.513895
4955.707592
2212.280112
1998.989180
44.084961
2658.703947
2535.110885
936.873174
3944.169524
3341.045221
3079.374533
2144.266045
4692.430213
3223.276368
3440.181663
1998.855932
4189.468517
2750.326826
221.038321
1218.335085
4644.771018
3482.295627
3687.028679
2241.107869
4213.807461
3872.616087
2751.511382
2889.764958
4464.609300
1700.969933
1628.837327
1814.204004
4457.945427
4195.088802
4362.724208
1371.489422
4859.387777
4839.987325
3658.548052
229.332379
3670.538477
5253.986932
3854.584719
2797.116944
4398.549855
3402.689420
114.448111
2466.727556
3626.826564
3992.960701
3445.917343
2721.685339
4729.406907
4491.111963
3721.215124
3094.992427
4278.343567
3762.328866
3796.829636
3215.126968
3733.336075
2762.879761
3470.821537
1739.918893
2797.334790
4210.190998
2495.209886
73.858928
3051.915644
4526.252817
3715.047612
3389.594058
1770.189634
2027.264955
3377.075469
3315.850493
3341.471637
4586.174436
3686.333147
2831.689809
3179.250295
4428.936256
3134.816685
3246.686035
3319.177197
4286.003210
2815.294180
3396.067846
3543.361463
4379.636525
3671.843549
3172.248165
2867.909335
3982.930913
3777.754248
3232.746618
3327.254549
4544.426101
3656.874542
2807.825680
3734.040295
4764.701626
3698.619314
2388.002227
3785.666248
4654.410362
4160.892132
2887.308292
3099.965387
3713.813262
3653.231261
2899.152834
1918.944324
1726.031358
4046.251653
2803.267856
3684.114869
4161.658115
3520.394715
2858.919444
3141.385527
4429.639656
1662.074323
744.106701
2423.711048
4261.372388
3338.725907
3065.964827
2627.215122
4300.638259
3373.705250
3176.017597
2983.755098
4820.501378
3394.324222
3730.396305
3347.462098
3182.639197
4256.143320
3092.514231
3121.709017
4355.229498
3626.464976
1496.629413
1599.963121
4389.082067
3542.792085
3187.549837
2856.067425
4394.369902
2823.937676
3016.941230
2533.209545
226.117828
3899.567136
2616.271317
3124.311087
4355.114576
4026.120494
2701.069430
3363.036817
4579.167750
3282.827199
2929.029485
2884.357942
1911.189297
1581.626563
921.366746
2012.924628
4646.643222
3467.489701
1316.551283
1317.635083
3309.671454
276.371910
2711.124622
3164.062101
5156.973066
3572.193899
2562.493896
4592.672066
4280.939563
2941.371338
3057.253972
3259.681995
2006.169290
1246.308635
2212.959715
4174.481000
3228.596269
187.527201
2615.140292
3948.173455
4445.355704
3540.533064
2950.905449
4436.557403
4682.101123
3531.174267
3444.546599
4023.578094
4945.443059
3825.089656
2195.723781
3846.941149
4493.877259
3662.879758
2121.830576
3344.407319
4515.672492
4267.633458
3243.536842
3723.840377
4774.272806
3302.514198
3936.525919
3316.167369
4595.453924
4389.185735
3342.329206
3555.744341
4653.776058
3328.328466
2145.576021
1000.784028
4790.951715
1515.924108
1697.753851
4042.552076
4877.447576
4065.178744
1391.397822
1755.572559
4641.215264
3834.498684
3490.433734
3376.747657
4468.684239
4223.082407
3468.447752
3693.105565
4891.558617
3500.098972
2911.534610
3455.746194
4757.371256
3322.192642
2730.719652
3444.086628
2624.883474
647.340875
3529.455146
3323.549756
4316.860264
1191.242036
1965.725138
3781.536224
4447.382688
362.712477
3255.060533
3554.314362
1236.922273
2409.480269
2258.676097
3644.235477
4106.438333
2710.776753
3258.141638
3385.850008
4100.606137
3749.831468
3239.066673
322.424247
4219.211560
3465.659130
2214.051920
2899.986120
4095.541205
3053.039608
2569.589344
2775.863630
0.000000
3010.538583
3032.516201
3224.007472
3966.748688
3290.254892
3059.502444
3269.308786
3950.158003
3267.960681
2717.363744
3355.361178
3777.498342
2873.477400
2326.766894
3126.655979
3608.413152
2861.541010
2499.865625
2785.974534
3576.495795
2300.536339
166.719276
2935.999205
3717.235623
3217.787370
2544.063651
2561.207527
3940.831155
3320.715449
293.967922
2320.541722
3267.677751
2982.462223
2393.504128
3176.402928
3869.162475
3233.660424
1706.740831
3370.076461
3958.170843
1132.147698
1279.562386
3297.010594
3884.806096
3288.232520
2891.227875
2941.896279
3779.873225
3303.502515
2958.677557
3238.652119
3978.733013
301.852292
1331.065936
960.706465
3878.135028
3257.500477
2935.397011
2928.028772
230.397116
3415.158294
1801.496544
3271.751958
4208.924309
3498.321254
2896.898616
2577.716788
4347.041341
3504.607655
3099.027915
2243.297268
4104.265002
2578.668172
425.997941
3254.813989
4190.572338
3744.792381
3153.838305
2710.965041
3718.557136
3608.777590
3370.324629
3412.622850
3409.098464
905.979208
2346.047666
2618.184381
256.356595
744.581359
1189.996563
2974.306607
4283.431859
3709.520254
3303.509252
3705.789067
4361.559846
3873.652858
3045.459083
3011.594558
4807.056412
3958.832422
3268.039142
3816.518205
4518.914616
4313.055585
297.896041
3877.860839
4691.570344
3830.403851
3288.492131
4166.463564
3318.834231
118.918978
3300.379611
4205.581863
4763.284060
4569.456348
353.244205
3200.234432
4641.206093
706.157661
1322.847416
3379.333439
4807.918028
3126.307979
2618.648398
3120.622032
3095.176033
1114.645911
2270.753854
3107.192436
4096.538787
3433.385212
2521.022376
2102.170801
3867.960260
3502.851835
3262.506532
2118.019438
4336.945539
3781.425070
2693.133374
65.908961
4330.943697
3374.263558
2092.800120
777.747108
3671.831863
3521.896171
3093.691168
3168.024651
1783.228183
1707.278228
2955.829558
3381.984083
4328.607539
3309.459754
957.585440
3574.472460
4235.592448
2752.201016
1929.826410
3471.478565
4549.311083
3987.612008
2592.654605
3647.358574
4855.496510
3563.258075
3038.247825
3379.567369
4626.887216
4169.600804
2097.101417
2725.025181
416.953153
343.015638
2506.285204
3901.859883
4702.545398
4011.384299
3182.223014
3178.558286
4650.884215
1506.901336
522.375991
4171.021595
4338.583587
3878.973452
3046.627246
777.890318
3726.407811
803.907689
1449.784033
3271.167852
3085.997437
3676.787502
3181.898293
3558.035808
4519.042290
3083.857697
2359.634718
4187.100129
4230.054952
4036.147476
1911.156847
3061.924768
3400.222690
2568.381438
3063.992796
4201.071338
3889.056878
3638.117956
3060.271851
4270.504457
4545.403143
3606.484477
2287.716487
3063.039189
4132.878376
3752.893121
178.982995
2852.185109
4162.239436
3603.890453
2597.203379
3890.543833
4158.281026
3864.025871
2319.368749
4099.702433
4107.822956
3632.563463
2648.315588
3834.000271
4226.628918
3695.747955
2481.231232
3761.937722
3662.947841
3593.494481
2293.662872
3817.372464
4081.870469
3280.976117
3174.119732
3807.873036
2849.399429
3641.387214
1177.752955
3469.685834
3794.120094
3942.867062
1510.784910
2750.990057
3773.157898
3449.556179
2642.546155
3805.712526
4332.658370
3464.460900
409.400395
2234.821032
4542.483197
2992.216684
2758.973742
3857.531557
4543.026139
4120.859321
2433.156161
3995.936059
4633.074804
3554.176149
2927.375529
3940.885946
4546.768518
3369.170588
277.373050
3067.185586
4524.158166
3342.817341
1410.984159
3490.653771
4926.213921
3305.095541
1414.711352
3852.147309
4448.047745
3336.543025
2237.639156
281.236789
4645.517869
2411.251636
235.427111
3584.481399
4711.784476
3109.923341
2409.001679
1009.131295
1895.814642
2998.794586
2460.149893
3638.383583
4662.156414
3064.302519
1681.889637
2423.201383
1800.012242
2981.851842
1522.211276
3913.911181
4507.713803
3281.582979
2373.867660
3745.654966
5159.143797
3244.348183
2657.102247
3676.498291
4905.419877
3142.090494
1997.298814
3855.231562
4293.432813
3210.444043
3448.173325
528.039212
3902.235509
3417.913545
1406.691276
3716.082396
4454.572804
3406.433728
1377.687073
3438.713241
4752.942081
3358.783329
2969.487053
3292.088286
4471.084871
3290.486611
2699.485104
2869.668864
4696.950349
3799.127476
1467.122931
2653.156651
4998.625693
2760.753016
2711.062092
2575.654962
3327.560742
3088.305667
2964.929579
3496.680031
4703.885738
214.078292
1490.765929
3246.756306
4653.110747
3464.867459
386.525881
2950.563058
4758.192269
3776.312114
1254.004174
3831.671377
4695.869190
2917.147352
1670.208693
3838.104800
4710.498242
3253.524190
2865.464709
3736.570368
4665.782532
3096.425065
1869.873056
3762.572530
0.000000
3423.757090
2900.976232
3502.739072
4688.812181
3762.639930
1306.670830
2729.158150
4611.877260
3080.614064
2093.947440
2203.182714
3596.212188
2713.244516
2676.474088
2802.017544
4131.474793
2786.428189
2147.166276
2545.596101
4177.794763
3245.422915
2876.883780
3148.853943
4454.986514
2137.515391
3012.158820
2646.440350
4976.995159
3763.823935
2809.604776
3690.436404
4500.983575
2765.067317
2878.889873
4307.575610
1478.428025
1022.038499
836.908734
1901.791619
4232.400947
2592.255928
1913.584982
4334.517709
3952.394493
2770.798037
2286.596950
4633.386436
2786.885205
3239.314913
437.003550
2052.263019
4545.290563
2791.319900
239.692990
3963.965885
5087.359637
2536.689694
2503.772272
3999.264703
4175.214070
3179.951971
2757.837755
3692.133745
4388.463747
3331.385542
1723.064561
3962.590248
4413.671963
3564.284216
1703.765646
4230.172145
4480.638517
3031.203068
2485.799775
4243.174121
4421.773452
296.745332
1379.244051
4454.948204
2843.420477
2813.119356
1807.148654
4833.400425
4966.222064
3045.533789
3006.976727
2597.115163
1904.011971
3118.300135
2057.459972
4656.204296
2974.182077
2770.459459
2676.501271
4513.060226
4361.905635
3147.522498
2539.594776
4409.256714
4516.079048
3050.457757
2525.882679
4528.438112
4983.121000
2710.190650
2547.211323
4361.717805
4253.889268
3118.996769
1464.923693
4349.517393
4966.438176
2851.092508
2348.710658
4140.829222
4479.502215
3001.515570
2010.408858
4199.173153
4669.766592
2931.205525
2981.715207
4253.340720
4749.590930
3114.616130
1534.007753
4099.288647
4615.802682
2190.222789
255.006764
3578.102374
3622.922783
2950.103142
52.824158
3372.092957
4453.718225
2696.414463
1340.073611
3556.171458
107.504835
2452.936443
3191.442079
4283.674413
4707.435640
2782.055528
2260.097359
3105.955051
4519.942468
3522.138501
1648.970584
2538.904494
1855.603035
2639.806470
2050.573915
4207.123173
3839.649679
3250.301513
2972.493810
3246.343877
404.771072
2559.885917
2121.619804
1062.433119
4977.132995
2050.615460
2729.984342
131.948553
5112.501217
2718.834889
257.091221
3520.632843
5242.689729
2978.220140
1913.574179
4383.577109
4327.651853
2964.768793
2982.151903
4871.285699
4431.406911
3279.366628
2727.975871
4035.633018
4864.186620
2900.433895
2618.837991
4419.159289
3993.690310
3067.878842
2241.982320
4443.526356
4215.330040
3034.448126
284.173076
3315.194733
3826.651970
2470.741257
1586.198766
4233.247188
4318.102062
2614.414214
2192.991589
4301.245350
4386.849875
3169.411053
2652.274836
4346.369840
4372.230080
1290.463671
1493.142859
4224.789032
3278.305048
119.544871
1167.303091
4554.142344
4499.166155
3318.117139
2765.131499
3390.519656
3893.580443
3160.704529
2303.903747
4159.912855
4346.584732
3071.162830
2543.278546
3993.392610
4375.690892
2619.772685
2310.688042
3629.769521
4389.561355
3252.274820
1826.923168
3525.820345
4239.677570
419.974168
1694.424628
3095.572975
4633.323848
3328.445132
2299.345275
3436.977272
4377.061844
3631.199273
3041.608089
3362.604882
3022.660854
3529.283880
2600.445792
3436.381845
4320.423241
3090.298472
2576.522928
2533.801630
4362.968894
3709.076411
2481.405686
353.771765
4383.136177
3359.943963
3311.665716
3234.952166
1079.880327
2152.803505
2011.530085
2561.413486
5212.954371
3071.366428
2282.553666
2529.696314
3299.001018
3545.634777
2922.230413
2221.723420
709.069486
3358.026747
3052.176761
3064.229871
3841.524018
3071.357425
3225.290240
2903.418795
4625.739444
3261.808960
1060.926645
1862.168948
4560.803308
3684.499572
1400.179458
2651.028012
4115.131529
3425.833574
978.756337
3261.078707
4143.545035
3373.685117
2474.605115
2937.215050
4039.742926
3250.775017
2660.459000
3143.509940
4062.134726
248.300179
