10.272967
20.786591
27.903574
34.073717
40.835306
47.088462
52.849499
59.440226
64.931519
70.911123
77.275051
83.998525
90.213034
96.904287
103.175782
109.950343
114.642334
120.877384
128.878192
136.450311
143.556990
150.327014
156.218559
162.617045
168.958512
175.845024
182.385248
188.802400
194.336530
200.241860
207.987699
214.737783
220.779378
227.395420
234.056841
239.655528
247.290003
254.922046
261.940630
266.924066
273.508047
281.003478
288.253885
295.244830
302.222776
309.241776
316.333344
322.621499
329.026911
336.097028
343.663555
351.322913
358.755994
364.728786
370.952247
378.004564
384.052988
390.572407
397.941290
403.901669
410.542860
417.221225
424.297629
431.022661
437.854084
444.724337
452.124633
459.365048
466.531845
472.890596
480.495282
487.648208
494.412637
500.231795
507.319891
514.859636
521.789264
528.883338
535.892204
542.671969
548.844066
556.681916
564.530874
571.906638
578.585054
584.559454
590.872791
598.625962
605.857237
613.437750
620.723196
627.685441
634.640986
642.511577
649.852357
656.701994
663.503466
670.788440
678.247687
685.698909
692.265902
699.111224
706.141691
713.145880
720.066107
726.989375
733.897543
740.447901
747.370500
754.138912
760.883532
766.554993
772.721371
778.960752
785.493537
793.305213
799.027094
805.853804
812.014024
818.082391
824.681015
830.696057
838.241707
844.977240
851.227768
858.178543
865.840694
872.806851
879.985488
887.329335
894.709717
902.394424
909.733825
917.125090
923.638749
929.829053
936.612840
942.794941
948.779555
955.209930
961.230190
966.942416
973.735336
979.982153
986.746942
992.995353
999.924812
1006.358930
1013.422644
1020.520246
1026.851326
1032.525035
1038.960394
1046.374819
1053.190806
1060.494715
1067.890638
1075.077489
1081.892343
1089.061830
1096.679766
1104.245946
1111.494906
1119.119916
1126.522378
1133.870856
1140.923968
1148.275377
1156.068808
1164.033908
1170.134864
1175.747762
1182.251926
1189.695528
1196.625258
1203.539668
1210.501157
1217.564968
1223.972639
1229.713306
1237.600403
1244.694150
1252.828669
1260.112600
1266.024417
1273.160678
1280.388790
1288.219429
1295.865099
1303.775405
1311.533967
1318.877499
1326.519089
1334.318555
1341.597074
1348.753481
1356.287844
1363.828233
1370.889862
1378.197205
1383.830179
1391.873059
1399.197161
1406.677082
1414.529070
1420.052217
1425.593390
1431.808224
1438.450372
1445.390378
1452.026904
1458.586140
1465.408049
1472.273534
1479.641661
1486.645224
1493.264068
1500.383084
1507.672431
1514.211419
1520.688273
1526.114384
1533.304036
1541.411875
1549.121275
1555.243624
1561.872091
1569.460700
1575.623343
1583.616307
1591.120326
1598.534289
1605.472218
1612.673284
1619.934709
1627.096919
1633.926255
1640.333397
1646.671897
1652.825802
1659.512423
1666.494871
1673.193115
1679.664121
1686.361125
1692.173514
1698.452764
1705.279916
1712.016154
1718.490786
1725.233900
1732.284070
1739.057275
1745.728192
1751.950531
1757.840825
1763.948578
1770.969301
1777.511819
1784.310288
1791.512077
1798.450989
1804.066677
1810.189413
1816.797281
1822.871964
1829.562018
1835.835504
1841.725928
1848.058967
1853.819466
1860.898247
1867.149666
1873.907028
1880.816820
1886.789107
1892.329925
1898.510413
1904.881818
1911.875471
1918.637191
1925.694973
1932.527017
1939.231512
1945.935758
1952.697205
1959.918312
1967.466714
1974.205254
1980.949820
1988.392114
1995.920851
2002.494231
2008.958021
2015.572791
2021.240583
2028.075396
2033.674751
2039.279779
2046.403573
2050.387667
2056.913332
2064.594744
2071.350989
2076.239160
2082.673781
2089.555739
2096.726313
2103.383570
2110.659431
2117.749436
2124.157021
2131.204776
2138.732967
2145.544205
2151.994311
2159.346014
2167.019480
2174.243163
2181.221247
2188.193826
2195.623694
2202.388393
2209.168793
2216.221383
2222.986697
2229.773899
2236.322933
2243.196847
2249.153329
2257.033521
2263.543408
2271.347800
2278.279790
2285.012930
2291.674651
2298.832825
2305.791253
2312.883360
2319.962869
2328.019547
2335.415845
2343.177245
2349.809360
2357.902052
2365.755731
2373.572489
2381.118878
2388.606319
2396.361977
2404.537306
2412.325510
2420.136601
2428.083806
2435.519319
2443.576176
2451.578549
2459.495934
2467.716867
2475.813651
2483.763077
2491.701370
2500.123523
2507.792619
2515.168796
2522.613485
2530.286109
2538.417849
2546.373046
2553.407208
2560.796075
2568.269733
2575.672459
2583.404281
2590.342943
2597.674356
2605.113534
2612.258723
2619.897068
2627.492350
2635.154413
2642.595525
2649.338164
2656.415005
2664.103309
2671.206293
2677.344072
2683.306385
2690.717311
2698.157640
2705.193845
2712.391970
2720.103714
2727.538263
2734.892816
2742.144091
2749.572180
2757.273310
2764.500039
2771.922984
2778.828588
2786.428886
2793.795782
2801.178417
2808.551837
2816.321216
2822.744838
2830.855275
2838.270476
2845.736257
2853.107785
2859.463882
2866.177800
2872.999023
2879.759017
2886.917959
2893.472091
2900.282860
2907.287184
2914.091067
2920.654724
2927.446692
2934.391872
2941.112908
2948.064648
2954.691561
2961.550430
2968.972426
2975.821142
2982.651132
2989.306828
2996.921314
3004.501074
3011.996904
3019.453761
3026.818791
3033.786735
3040.083818
3046.750699
3054.302251
3060.460735
3066.785561
3073.280891
3078.255722
3083.771145
3089.998558
3096.062572
3101.107068
3106.647502
3114.516641
3120.924621
3127.218580
3132.513227
3137.587010
3143.860814
3150.206916
3157.212821
3164.429968
3171.374847
3179.021170
3185.738967
3192.768522
3199.976625
3206.972791
3214.460757
3222.058766
3229.988256
3237.070322
3244.399168
3252.180093
3259.452117
3267.041743
3274.821332
3282.531045
3290.219354
3297.986663
3305.813755
3313.227575
3319.247956
3325.026703
3331.441990
3337.194866
3342.959968
3349.492152
3355.345834
3361.313868
3367.252409
3372.835392
3379.305458
3386.517110
3393.062705
3399.590136
3406.662648
3414.159305
3421.388192
3427.497390
3434.086986
3440.441787
3447.012838
3454.522166
3461.185345
3468.321036
3474.893723
3482.148339
3488.984063
3495.051624
3500.306674
3505.845955
3512.682111
3517.100083
3522.488742
3528.222051
3532.863333
3537.935529
3543.542660
3549.235206
3555.843637
3562.299448
3569.023340
3575.437671
3581.499584
3587.454941
3593.651930
3599.421075
3605.569448
3611.885993
3617.105299
3622.923017
3628.914501
3634.454770
3641.170242
3646.092330
3651.922185
3657.774230
3663.873446
3668.666935
3673.749178
3678.485254
3684.102095
3688.799351
3695.370273
3700.580227
3706.488515
3712.182705
3717.171548
3721.974162
3728.766286
3734.667157
3742.155266
3749.017623
3755.728589
3762.869590
3770.403228
3777.347619
3784.269249
3791.665860
3799.024257
3807.041035
3815.332204
3823.299491
3830.969696
3838.729802
3846.394907
3853.447218
3860.548945
3867.938172
3875.121884
3882.807529
3890.246406
3897.716185
3904.549236
3911.995393
3919.624937
3927.297641
3934.023314
3941.009710
3947.237950
3954.775221
3961.174322
3968.154713
3974.890690
3981.447181
3988.052694
3993.782426
4000.172738
4007.455083
4014.137295
4020.178900
4026.686762
4033.015298
4038.613886
4044.558704
4050.535136
4056.911893
4062.606201
4068.263935
4073.551028
4080.694615
4085.200297
4090.958375
4096.593498
4103.381553
4109.286932
4114.939220
4119.845586
4125.536103
4131.392891
4137.952981
4143.881332
4149.868160
4154.835669
4161.548897
4167.754291
4173.498243
4179.499743
4186.364796
4193.179797
4199.981951
4206.508176
4213.288805
4220.154286
4226.356645
4232.695063
4239.631772
4246.375737
4252.608288
4258.556086
4265.695082
4273.339185
4280.353688
4286.825840
4293.214962
4299.864575
4306.852175
4314.207937
4320.793747
4327.510446
4333.787221
4341.089196
4348.790598
4355.560792
4360.901679
4366.819571
4373.519316
4380.085251
4385.969456
4392.135148
4398.158823
4403.809876
4410.261640
4416.780610
4422.927717
4429.204101
4435.264269
4441.393626
4447.640293
4454.146781
4461.029971
4468.527040
4475.509865
4482.477351
4489.399540
4496.357481
4503.936672
4511.376056
4518.675180
4526.432333
4533.918852
4541.467725
4549.066714
4556.054935
4563.038530
4569.972110
4576.767999
4584.182365
4591.699917
4598.967591
4605.158275
4611.680254
4618.940513
4625.103388
4631.242877
4637.546387
4644.018393
4650.591181
4657.140131
4664.261317
4670.910916
4676.982218
4682.927441
4689.929541
4696.772266
4703.122978
4709.505914
4715.813014
4722.759338
4729.826246
4736.230616
4742.660576
4749.268484
4753.797796
4761.460213
4768.393601
4775.337619
4782.438726
4789.128236
4794.286752
4802.103151
4807.405947
4814.560021
4821.774905
4827.755895
4834.177050
4840.068418
4846.519174
4853.518713
4860.261195
4866.003435
4873.255043
4879.811663
4886.908189
4894.162451
4900.003927
4905.852575
4911.331543
4917.971152
4924.810120
4931.386985
4935.774491
4941.860330
4946.538985
4953.237008
4959.315239
4965.054000
4971.360290
4978.614486
4984.686757
4990.582728
4995.898273
5002.209116
5009.422438
5015.240153
5021.179447
5027.221235
5032.492060
5037.730151
5043.761219
5049.126188
5053.955716
5059.537004
5062.680660
5067.480021
5072.546143
5077.741569
5083.348353
5088.105590
5094.279797
5100.510562
5107.225814
5113.657009
5119.946606
5126.480271
5132.504500
5138.196206
5143.585409
5149.220821
5153.743820
5158.889739
5164.368888
5169.670663
5174.297007
5179.589789
5185.464738
5192.351352
5198.375416
5203.588667
5208.795272
5215.237329
5221.671175
5227.412185
5233.139624
5239.214194
5245.860163
5252.214819
5258.948081
5264.588067
5271.015513
5277.880527
5283.906770
5290.707722
5296.583559
5302.220675
5308.244967
5314.429931
5320.018919
5325.898250
5331.945175
5337.647217
5343.794584
5350.750129
5355.336874
5361.279968
5367.592376
5373.904690
5379.582479
5384.543772
5390.003607
5395.711223
5401.639127
5407.878504
5413.445457
5419.372909
5424.961552
5431.520802
5438.415602
5444.762491
5450.912582
5458.621794
5465.960144
5473.202305
5480.107630
5486.638695
5493.783150
5501.271950
5508.269497
5514.768374
5521.452643
5527.889045
5534.074869
5539.952890
5546.090497
5551.336294
5556.517795
5561.557272
5567.615041
5572.834959
5578.805533
5583.490037
5588.770384
5594.076523
5600.303173
5605.543091
5611.409275
5616.465378
5621.129552
5625.247544
5630.869474
5638.447757
5644.327736
5648.416621
5654.733026
5661.553737
5668.460618
5674.937827
5681.246913
5687.050796
5692.752414
5699.198406
5705.809266
5713.150704
5720.240726
5726.537854
5732.890077
5739.611778
5747.380161
5754.679451
5761.657226
5767.935888
5774.829474
5781.722565
5788.285774
5795.320301
5801.857842
5808.587596
5815.540583
5821.542157
5827.677719
5834.214926
5841.056094
5846.549314
5852.535826
5858.159768
5862.557556
5865.927741
5871.104626
5876.568852
5881.842836
5886.291231
5891.729356
5896.544551
5900.846415
5905.521867
5911.002679
5917.940923
5923.658172
5928.127386
5932.541472
5939.369683
5944.120822
5949.516478
5956.275922
5963.365526
5969.601038
5975.223147
5980.092187
5987.834131
5994.761670
6001.862138
6008.705493
6015.916698
6022.518029
6028.798446
6035.830529
6042.238903
6048.607287
6055.131333
6061.832171
6068.390430
6074.720125
6080.462358
6086.964097
6093.686460
6099.403597
6106.029151
6113.000469
6118.789674
6125.471524
6131.805305
6137.892922
6143.780818
6150.017541
6156.552161
6162.714788
6169.361295
6176.342835
6182.987760
6189.168452
6195.555770
6201.704104
6208.334923
6214.664598
6220.884223
6227.091975
6233.232940
6238.388364
6244.589612
6250.925896
6257.107295
6263.689272
6269.751279
6275.980474
6282.565504
6289.599265
6296.113891
6301.639345
6306.770999
6313.862328
6320.916503
6328.061839
6335.234698
6341.814183
6348.716181
6355.651877
6362.945008
6370.106126
6376.598360
6383.223586
6390.921600
6398.057704
6404.708405
6411.931167
6419.392052
6426.304711
6433.374720
6440.815646
6447.919793
6454.785214
6462.022805
6469.514634
6475.683823
6482.269911
6489.148930
6496.177369
6503.069457
6509.557602
6515.648414
6521.887682
6528.790546
6535.341286
6541.831821
6548.951450
6555.452226
6562.051144
6568.387668
6574.688318
6581.386112
6587.497509
6593.328833
6599.500672
6606.289952
6613.673973
6620.711570
6628.025292
6635.145855
6641.445356
6647.991896
6654.732476
6662.206252
6669.725039
6677.309892
6683.687472
6690.338513
6697.357933
6704.110106
6711.196178
6717.319611
6723.560359
6731.329949
6739.095241
6746.794816
6753.763727
6760.228611
6767.096389
6774.044751
6780.569071
6787.456066
6794.890324
6802.437200
6808.733216
6815.382287
6822.585291
6830.046244
6835.709272
6843.119732
6849.512757
6855.596206
6862.500510
6869.685311
6876.372778
6883.007176
6889.768580
6897.114863
6904.908058
6912.228595
6919.455656
6925.625136
6932.471587
6939.947595
6947.176018
6954.028899
6960.754998
6967.384393
6973.684853
6980.652382
6987.794566
6993.498794
7000.155643
7006.082836
7012.896883
7019.908184
7026.610229
7032.362717
7037.708855
7042.138675
7048.448075
7054.058720
7058.062645
7064.538453
7070.071503
7075.063293
7080.744830
7087.241514
7094.081258
7098.842684
7103.727247
7108.973944
7114.404669
7119.083458
7124.712162
7129.090334
7133.743544
7139.423392
7145.472208
7150.690491
7156.388621
7162.057706
7168.908850
7175.474700
7182.259370
7188.556884
7195.526201
7201.870547
7208.147884
7215.092654
7222.172396
7228.753975
7235.022415
7241.398174
7248.848738
7254.469915
7260.374054
7267.213727
7273.437329
7279.097414
7284.524726
7290.246865
7295.677911
7300.939709
7306.856760
7311.886110
7316.833324
7322.197622
7328.098401
7333.356380
7338.228040
7344.284567
7351.402957
7358.333808
7364.567977
7370.300193
7376.663957
7383.412168
7389.627232
7396.214614
7403.197067
7410.188757
7417.427119
7424.122570
7430.776315
7438.364379
7445.438962
7452.786530
7459.579501
7466.463727
7473.716056
7480.830572
7488.026112
7495.044986
7501.440863
7509.102791
7516.364450
7523.379692
7530.099015
7536.768485
7543.431795
7550.283068
7557.701657
7564.833745
7571.371390
7578.636896
7585.939749
7592.636809
7599.800415
7607.240075
7613.063121
7619.283343
7626.334233
7632.412457
7639.472276
7644.772615
7651.908525
7658.531999
7665.292298
7671.152976
7677.271126
7683.560545
7690.005992
7696.558632
7703.378556
7709.637732
7716.198515
7721.633942
7728.534121
7735.065541
7741.535091
7748.011685
7754.227462
7761.218003
7767.622150
7774.127665
7780.636376
7787.208915
7793.746013
7800.449412
7807.155075
7814.233055
7821.510340
7828.951049
7836.010289
7843.402372
7850.906499
7858.708365
7866.683099
7873.695219
7880.242006
7887.327968
7894.320438
7901.258631
7908.246840
7915.066141
7920.162039
7927.773445
7934.688575
7941.312688
7947.369361
7953.956928
7960.085551
7966.385984
7972.973729
7978.807899
7984.919451
7991.847180
7997.793981
8005.053619
8010.877088
8016.410963
8022.382238
8029.210007
8034.720417
8040.824813
8047.212406
8053.192276
8059.291291
8065.073705
8071.500762
8068.103679
8080.043177
8086.885500
8093.389191
8098.116774
8105.151121
8112.226298
8118.573769
8124.571489
8131.684752
8138.326914
8144.574266
8151.529601
8158.486469
8164.936788
8172.255839
8179.203594
8185.222736
8191.746861
8198.526115
8205.628566
8211.801812
8218.282497
8224.928996
8231.760826
8237.810064
8244.903294
8251.733601
8258.428655
8265.381319
8272.464613
8279.006061
8285.903325
8293.231731
8299.860594
8306.485603
8313.704557
8320.149213
8326.540999
8332.312579
8339.204029
8346.252733
8351.863902
8357.648226
8362.245647
8366.794805
8372.373868
8378.321216
8385.382486
8391.491935
8397.196581
8402.179951
8408.772409
8415.712127
8421.523777
8426.812259
8431.086024
8435.543274
8441.380948
8448.112667
8454.803064
8460.565864
8465.963399
8471.392881
8477.801964
8484.531059
8490.902603
8496.819726
8504.365732
8511.370837
8519.048706
8527.013506
8534.074862
8541.545085
8549.165144
8555.783845
8563.163878
8570.615446
8577.206163
8582.995517
8587.631743
8594.594015
8600.362797
8605.619795
8610.877891
8616.199885
8622.150914
8627.536822
8633.200669
8639.339296
8646.113278
8651.859618
8657.905049
8664.780562
8671.907338
8677.928923
8684.283660
8690.204543
8696.625055
8703.121755
8709.544323
8715.868219
8722.763194
8728.454217
8735.321342
8741.573925
8747.303215
8752.752408
8758.817920
8765.624031
8771.366259
8776.065270
8781.787279
8786.154020
8792.060695
8797.863706
8802.832078
8808.467091
8815.463692
8821.684908
8828.630788
8835.338401
8841.094390
8846.485972
8852.628383
8859.402191
8865.930136
8872.674450
8878.309436
8884.540954
8891.148087
8897.782992
8904.791185
8911.303880
8918.052636
8924.873568
8930.169469
8936.631309
8943.273830
8950.789855
8957.372485
8962.782393
8968.838304
8975.276721
8983.024420
8990.505650
8996.923370
9003.848729
9011.106640
9017.064269
9023.528924
9030.355604
9036.971246
9043.664568
9049.345928
9055.466414
9060.861311
9066.132429
9072.524716
9079.312798
9084.924538
9090.751112
9096.148661
9102.681889
9107.176750
9112.326359
9118.410804
9123.222013
9129.212111
9135.181492
9141.134782
9145.658159
9152.813903
9160.367359
9167.056114
9173.873781
9180.049388
9187.562976
9194.754468
9202.125036
9209.444294
9215.431089
9221.577144
9228.025050
9234.848679
9241.502098
9247.588026
9254.529389
9261.220528
9266.918053
9273.311082
9279.842399
9285.902798
9291.726189
9297.861467
9304.186346
9310.187100
9315.978322
9322.331341
9329.452399
9335.706695
9341.782450
9348.835507
9356.121579
9362.533247
9368.963429
9375.492291
9382.492379
9389.169703
9395.496354
9401.003087
9407.742761
9414.431253
9420.942290
9427.836991
9434.505338
9440.392268
9447.966949
9455.616290
9462.745811
9469.937590
9476.643237
9483.768608
9491.255765
9498.403090
9505.261014
9512.759808
9519.941222
9527.162956
9535.188622
9542.333189
9549.080168
9555.713322
9561.965518
9568.587421
9575.381302
9582.294213
9589.603340
9594.941415
9600.560852
9607.368900
9614.113836
9620.735607
9627.400843
9632.830434
9639.268539
9646.210450
9653.163086
9660.504442
9667.611015
9674.003530
9681.243451
9688.330459
9695.225240
9702.768562
9709.060738
9715.846749
9723.116988
9730.599205
9738.225079
9744.499422
9751.226579
9758.595873
9766.010216
9773.148667
9780.619275
9787.918964
9795.355670
9802.567939
9809.891816
9816.723177
9824.060835
9831.503856
9838.891937
9845.988804
9853.038089
9860.188472
9867.439707
9874.044255
9880.549691
9887.030948
9894.079679
9901.067487
9907.433754
9914.237606
9921.318773
9927.928372
9934.942564
9942.070639
9948.626683
9955.408970
9962.283942
9969.027639
9975.987619
9982.706914
9989.111806
9996.172340
10003.073681
10009.819060
10016.571677
10023.359426
10030.336977
10037.054507
10043.597791
10050.627131
10057.699022
10064.342104
10071.565320
10078.271350
10085.599372
10092.501798
10098.988777
10106.564630
10114.002684
10121.423765
10128.900773
10135.973231
10143.091447
10150.633290
10158.332297
10165.325988
10172.086814
10179.393191
10186.821207
10193.662710
10200.722639
10207.529289
10214.259985
10221.702429
10228.546104
10234.316260
10241.548067
10248.619946
10255.847606
10262.798142
10270.179045
10277.651301
10284.936813
10292.311739
10298.365198
10304.734811
10311.251951
10319.517882
10326.186191
10332.140779
10338.974511
10346.612372
10351.305686
10357.431027
10364.237135
10370.329583
10376.439251
10381.913082
10388.071287
10394.949602
10402.426438
10408.044681
10414.388702
10421.391684
10427.976926
10434.132325
10440.464056
10446.678969
10453.040792
10458.947572
10464.310556
10469.909395
10476.245329
10481.737882
10487.117952
10492.794439
10499.201951
10505.284230
10511.516377
10517.451119
10521.826526
10528.295384
10533.839396
10539.816319
10546.221504
10551.993456
10557.744415
10564.052339
10570.280404
10576.795896
10582.640022
10588.776129
10594.628838
10600.588568
10606.801338
10612.069217
10618.503015
10624.870357
10630.415514
10636.447902
10642.272033
10648.722190
10654.757040
10660.286740
10666.916265
10672.625838
10678.452263
10684.255418
10690.629011
10696.386409
10701.948862
10707.413689
10713.271699
10719.403155
10725.655913
10731.613024
10738.134284
10745.136343
10751.590190
10757.783858
10763.833951
10769.657248
10775.930487
10782.479531
10789.138643
10794.633462
10800.747953
10807.607648
10814.854181
10821.464233
10828.368130
10834.637232
10840.817058
10847.444745
10854.216167
10860.831768
10866.939451
10872.935326
10878.808530
10885.194262
10892.859536
10899.499353
10905.394377
10912.171321
10918.617154
10926.187133
10933.785943
10940.332080
10946.666074
10953.976557
10961.498606
10968.210474
10975.544311
10982.535936
10989.478424
10996.328244
11003.553594
11010.337289
11017.221847
11023.943041
11030.899349
11037.587381
11044.441693
11052.033042
11058.526618
11065.257372
11072.365741
11079.783670
11086.119687
11092.399775
11099.606755
11107.239022
11114.349442
11121.566593
11129.334665
11136.441959
11143.943912
11151.544702
11159.344388
11166.709960
11172.769133
11179.885041
11187.183800
11194.077026
11201.041606
11208.010626
11215.040369
11221.892625
11228.857616
11235.808616
11242.559356
11249.309734
11256.215932
11263.821928
11270.774489
11276.860927
11283.987608
11291.316879
11298.001320
11304.614858
11311.446525
11317.442401
11323.164165
11328.880241
11334.548564
11341.990475
11347.670887
11353.644126
11360.113510
11365.955696
11372.445635
11378.881166
11386.069729
11392.402408
11398.851979
11405.657059
11412.557795
11419.584797
11425.495419
11431.850361
11439.141080
11446.212837
11453.037832
11459.537401
11466.533608
11474.358075
11481.200076
11488.210601
11493.224188
11498.664396
11503.989274
11511.084181
11517.896901
11524.377835
11530.867386
11537.530794
11544.126527
11549.913004
11556.717857
11563.494009
11570.509726
11577.403578
11584.217162
11590.872236
11597.255578
11604.481194
11611.672423
11618.277851
11625.195613
11632.144493
11639.321863
11646.445026
11653.129432
11659.969889
11667.104838
11674.324488
11681.902774
11689.091883
11696.286284
11703.375793
11710.714184
11717.265273
11724.520202
11732.015190
11739.438095
11746.539172
11753.315248
11760.412464
11767.293776
11774.502426
11781.532418
11788.630133
11795.762162
11802.590120
11809.675873
11817.014299
11824.535295
11831.466058
11838.526057
11846.165187
11852.619018
11859.173649
11866.434024
11873.802820
11880.385992
11887.559124
11894.527274
11901.457042
11908.000355
11914.308011
11921.082356
11927.340926
11934.291701
11941.559395
11948.335840
11955.486365
11962.981549
11970.350726
11977.768224
11984.898080
11992.191181
11999.171572
12006.534892
12014.329477
12021.617261
12029.009194
12035.976146
12043.357966
12049.979244
12056.316444
12063.398229
12070.197835
12076.714866
12083.899407
12090.437226
12096.834736
12103.733163
12111.101177
12118.234650
12125.134912
12132.254033
12139.257786
12146.383017
12153.226165
12159.942559
12166.939818
12173.261126
12180.088883
12187.291213
12194.401644
12200.996286
12207.605014
12214.613544
12221.323050
12228.283086
12235.356207
12242.599297
12250.066141
12257.444099
12264.819206
12272.061772
12279.283871
12286.151298
12293.058431
12300.095055
12306.164741
12313.426827
12320.505695
12326.867767
12333.630291
12339.856994
12347.042476
12354.274291
12360.896497
12367.257877
12374.186009
12381.447332
12388.418993
12395.795940
12402.991748
12410.043352
12417.171892
12424.411768
12431.318692
12437.940672
12445.273818
12453.172168
12460.783090
12468.301960
12475.360402
12482.944463
12490.651157
12498.369900
12506.000803
12513.138566
12519.231495
12526.142585
12533.704329
12541.021359
12547.928972
12554.226007
12561.287441
12567.218913
12573.150797
12580.080481
12587.338270
12592.163503
12597.294535
12602.982454
12609.026592
12615.567671
12619.503891
12624.263150
12629.858503
12635.494187
12640.668019
12646.408516
12651.914724
12657.245134
12663.448751
12670.149573
12676.476713
12682.394310
12688.231185
12694.140244
12700.270012
12706.177272
12712.419202
12717.587458
12723.952437
12730.129701
12736.390226
12743.426641
12749.494753
12755.499119
12761.823488
12767.875333
12773.833604
12779.499930
12785.723695
12791.436918
12796.941839
12802.419069
12808.060206
12814.113344
12820.224425
12826.120133
12832.315626
12838.054925
12843.231022
12850.426690
12857.098871
12864.204355
12870.795227
12876.706321
12882.842709
12889.395591
12895.721498
12901.906873
12909.318890
12915.205422
12921.739631
12928.326560
12934.979371
12942.187043
12949.492353
12955.946682
12962.547000
12968.593059
12975.356904
12982.159707
12989.067672
12995.361112
13002.118017
13008.970989
13016.359259
13022.510577
13028.629858
13034.711425
13041.038422
13047.076526
13053.227420
13060.275129
13066.823893
13072.933511
13079.289018
13085.763454
13091.579089
13097.566095
13103.424841
13109.464401
13115.878306
13122.206499
13128.573342
13135.089641
13141.133174
13147.750374
13154.555115
13161.635647
13168.377489
13175.683589
13182.271391
13188.787370
13195.147284
13202.077497
13209.284828
13216.540241
13223.833352
13231.075970
13238.209854
13245.324585
13252.269290
13258.953625
13265.849282
13272.947789
13279.307855
13284.655397
13290.793267
13297.462453
13304.788353
13311.973483
13318.684443
13325.885400
13331.550718
13338.933209
13344.795241
13351.513208
13357.950477
13364.384123
13370.988651
13378.689448
13385.104899
13393.484491
13401.308349
13408.912818
13415.963954
13421.788670
13427.773138
13434.433714
13440.455534
13446.587164
13452.588047
13458.256631
13463.869337
13470.238731
13476.241302
13482.708258
13489.098139
13494.250718
13500.309407
13506.614967
13513.029023
13518.467081
13524.631981
13530.692082
13536.724821
13543.086732
13549.260581
13555.896302
13562.941651
13569.951959
13577.231440
13584.266333
13590.620763
13596.705233
13603.574916
13610.938270
13617.329668
13624.132459
13631.403946
13638.924483
13645.836200
13652.379618
13659.081912
13666.293935
13673.460121
13680.064753
13686.962830
13693.803897
13700.085605
13706.622244
13712.258571
13718.843462
13726.122508
13732.828246
13739.203539
13745.735615
13752.586339
13758.927323
13764.871021
13771.238570
13777.862554
13784.258855
13790.541748
13797.075041
13803.844599
13811.036940
13817.777949
13824.033764
13830.687384
13838.515667
13846.333979
13854.091702
13862.331626
13870.484360
13878.756507
13884.926300
13893.573500
13901.641323
13909.176827
13917.207953
13924.949229
13932.429605
13940.254709
13947.192274
13954.439148
13961.812630
13969.042888
13976.527292
13983.773090
13990.811899
13998.041683
14004.202504
14011.124163
14018.077365
14025.292545
14031.725636
14038.810085
14045.958234
14052.200000
14059.035083
14066.354301
14073.599564
14081.160537
14088.659875
14095.786839
14103.148074
14110.570991
14118.142973
14125.399717
14132.549452
14138.461800
14146.427865
14152.355316
14159.072522
14165.792487
14172.137811
14176.925496
14182.573882
14189.553642
14195.499970
14201.078113
14206.697861
14212.731968
14218.544666
14223.595038
14229.829251
14236.384208
14243.229222
14248.851198
14254.577948
14260.762158
14267.404168
14273.515042
14280.077284
14286.844036
14293.573754
14299.791567
14305.946843
14312.150147
14318.540586
14325.462891
14332.252401
14338.601940
14345.020927
14351.816438
14359.322582
14366.814845
14374.214199
14380.522868
14386.692012
14393.927060
14401.304912
14408.540867
14415.466924
14422.054846
14428.922408
14435.689341
14442.824114
14450.328669
14456.612077
14462.976679
14469.563813
14475.760930
14482.660942
14489.721845
14496.618311
14504.022224
14511.041096
14518.387781
14524.739612
14531.771251
14538.700956
14546.010463
14553.757350
14561.119668
14568.261519
14575.681007
14583.510834
14591.127934
14598.662993
14605.722360
14613.026605
14620.531571
14628.033388
14635.027344
14641.970949
14648.874647
14655.810758
14663.040594
14670.452374
14676.909101
14682.670440
14687.596313
14694.597846
14700.905410
14707.235200
14711.027602
14717.276449
14722.789987
14728.181829
14732.661594
14738.423077
14742.028811
14747.159570
14751.741783
14757.252750
14762.235646
14766.731831
14772.101275
14777.362355
14782.999047
14789.205894
14794.830896
14801.002980
14806.380642
14812.600383
14819.374439
14825.138132
14831.036652
14837.067386
14842.563855
14848.588283
14854.715842
14860.380170
14866.973481
14872.787785
14879.623284
14886.086032
14891.663634
14898.092809
14904.648065
14911.618199
14918.216307
14924.000617
14930.237587
14936.078770
14941.823238
14948.557641
14955.519579
14961.860226
14968.265105
14974.391542
14980.794632
14987.630055
14994.668707
15001.584344
15007.919216
15015.069990
15022.071128
15028.778905
15036.087202
15042.822621
15049.139243
15056.371673
15063.382572
15070.038482
15077.187704
15084.116148
15090.851038
15097.695514
15104.538653
15111.994259
15119.141212
15126.472667
15132.860094
15139.269002
15146.692070
15154.150841
15161.276655
15169.004468
15176.351987
15183.390982
15190.844341
15197.650914
15204.582268
15211.901545
15218.894633
15225.690755
15232.166858
15238.547717
15245.566618
15251.691028
15258.382911
15265.048834
15271.435831
15267.955711
15279.501866
15286.366635
15293.439971
15299.998990
15306.072636
15312.859718
15319.043101
15325.083802
15331.955798
15337.431336
15343.356268
15350.044119
15355.587194
15361.731567
15368.619819
15375.025776
15380.881321
15386.963792
15393.333928
15400.190898
15404.799806
15411.571396
15417.800976
15422.720451
15428.229124
15433.672534
15438.767616
15443.767848
15448.843474
15453.630301
15459.615867
15465.128681
15470.063788
15475.238966
15481.849664
15487.319470
15492.658181
15497.946720
15502.559365
15508.799412
15516.197728
15523.257892
15529.776112
15536.547738
15543.270115
15550.051241
15557.095535
15564.410371
15570.863274
15577.496236
15584.930654
15592.368377
15598.264805
15606.998976
15614.674511
15621.096725
15627.817233
15634.855326
15640.993840
15646.424109
15651.548243
15657.234793
15661.988442
15666.443158
15671.029316
15675.229094
15679.574223
15684.055227
15688.442429
15692.862468
15698.129879
15704.388303
15709.935481
15715.634890
15721.990297
15728.147476
15733.947943
15739.606723
15746.244879
15752.547798
15758.309152
15764.516776
15770.755612
15777.105582
15783.958601
15790.284467
15796.000994
15801.886726
15807.214113
15812.580002
15818.095288
15823.183263
15830.070088
15836.297275
15840.754026
15846.081133
15852.251350
15857.785003
15863.419842
15868.709790
15874.191345
15881.215242
15888.120831
15894.402888
15900.635248
15906.876918
15912.156727
15918.247098
15924.483436
15929.862097
15935.746667
15941.319620
15936.811450
15946.056711
15952.095421
15949.301558
15960.354600
15967.270953
15974.236338
15980.275806
15986.287204
15992.424807
15998.119084
16004.525662
16010.938386
16016.187480
16021.959242
16028.358020
16035.040716
16041.319160
16047.535058
16054.063556
16060.445501
16066.694098
16072.921168
16079.452912
16086.333318
16092.321939
16098.337818
16104.484152
16111.114348
16117.202830
16123.268085
16129.507276
16135.660838
16141.435851
16147.381788
16153.188544
16158.503113
16164.742183
16171.296645
16176.636975
16182.838326
16189.628852
16195.523256
16202.550382
16209.850990
16216.323341
16222.841693
16230.070531
16236.959198
16243.685688
16250.900923
16258.020817
16264.200896
16270.203192
16276.784204
16284.101886
16290.243582
16297.216251
16305.001791
16311.337145
16318.275246
16325.041191
16332.117546
16337.878605
16343.900489
16350.063580
16356.277522
16362.171576
16368.447982
16374.431899
16381.339467
16387.051255
16393.224663
16400.604229
16407.555648
16413.944341
16420.628061
16426.243827
16431.930034
16438.357804
16444.257948
16450.433831
16456.815735
16463.294350
16469.249641
16474.605708
16479.981436
16486.012997
16493.260645
16501.253860
16507.978130
16514.039419
16520.689801
16527.682118
16533.915928
16540.224191
16547.103299
16554.378658
16561.623946
16569.069990
16574.830021
16581.312636
16587.586989
16594.278583
16601.057341
16608.442679
16615.710170
16622.861605
16629.737223
16636.149446
16642.408786
16649.338250
16656.173802
16663.510011
16670.212396
16677.690872
16685.118500
16691.835426
16698.686679
16706.023401
16713.233848
16719.640831
16726.157401
16733.115830
16740.549055
16747.367769
16753.843838
16760.690644
16768.302185
16775.509726
16782.758313
16789.854948
16796.766780
16803.938111
16811.127001
16818.188647
16825.195994
16831.562399
16838.970497
16846.102641
16853.771088
16860.596529
16866.972412
16874.473487
16880.848348
16887.410456
16893.893538
16900.469845
16907.571325
16914.003190
16920.093974
16926.354541
16933.037264
16939.266760
16945.066927
16951.890029
16958.699899
16965.243047
16971.712501
16977.314805
16983.767200
16989.864267
16996.494859
17003.011974
17008.560232
17014.877050
17021.215094
17028.618819
17036.079782
17042.899865
17049.962227
17053.990797
17061.765502
17068.276423
17074.481835
17081.288492
17088.501190
17095.783308
17102.457306
17109.083441
17115.645379
17122.034085
17128.694976
17134.723623
17141.577676
17148.783422
17155.508334
17162.438605
17169.012840
17175.884335
17182.365937
17187.895753
17194.413597
17200.598475
17207.052064
17213.426322
17219.893875
17226.413318
17231.996019
17238.019046
17244.747160
17250.698246
17256.468185
17262.999391
17268.896326
17275.149812
17281.501308
17288.601594
17295.478931
17301.699526
17308.076683
17314.973882
17321.718798
17327.530339
17333.286261
17339.850561
17346.738813
17353.389775
17360.090984
17366.219438
17373.134989
17380.212936
17386.932624
17393.174204
17399.436464
17406.078025
17413.113945
17419.862186
17426.017427
17432.907115
17439.216786
17445.369497
17451.608483
17456.735652
17462.086253
17467.033630
17472.660947
17477.589254
17483.195412
17488.608354
17494.073010
17499.452667
17504.589646
17510.290760
17516.029967
17522.911387
17527.984869
17534.075417
17540.509101
17547.329118
17554.881353
17562.464084
17569.419827
17575.885055
17583.084733
17590.312118
17597.265968
17604.172141
17611.266040
17618.704902
17625.594163
17631.541841
17638.122532
17644.300613
17650.588890
17655.973069
17661.973143
17667.550421
17671.941947
17677.354226
17682.966939
17688.680133
17694.264405
17700.123869
17705.453921
17710.619934
17715.990240
17721.999377
17728.479072
17733.740674
17740.055661
17746.795808
17750.774005
17756.227939
17762.379123
17769.446139
17775.674987
17781.614020
17788.225541
17793.422975
17799.127933
17806.552957
17813.475898
17819.721927
17825.821158
17832.542668
17839.054899
17845.776548
17853.123010
17859.729366
17865.821144
17872.559444
17879.994443
17886.911062
17894.065822
17901.187951
17908.142220
17914.723849
17920.748555
17927.018259
17933.572372
17940.059224
17946.512290
17952.717533
17958.711361
17964.488695
17969.053675
17974.610610
17980.354725
17986.187402
17992.010199
17998.233081
18004.195688
18010.251444
18016.610476
18023.124318
18029.257901
18035.264912
18041.059554
18047.633336
18054.306930
18061.318729
18068.129394
18074.771690
18081.982284
18089.128436
18096.285735
18101.897935
18108.909073
18116.292287
18123.180453
18130.669157
18137.910366
18145.292616
18152.495788
18158.615106
18165.538657
18172.293632
18177.637266
18184.063714
18190.050018
18196.881251
18202.431599
18207.978437
18214.369632
18221.342496
18226.976029
18232.982380
18239.447096
18244.108406
18249.407172
18255.113369
18260.086672
18265.692213
18272.522965
18278.451377
18282.646267
18288.581538
18294.378020
18299.857216
18305.842596
18312.860668
18319.322580
18325.958156
18332.596357
18338.956105
18345.673129
18352.159532
18358.595050
18364.730705
18371.054387
18377.942162
18384.207290
18390.770886
18397.695823
18404.467938
18411.380619
18417.459698
18423.192718
18430.178485
18437.044514
18443.877375
18451.068981
18458.228877
18465.526735
18472.310209
18478.348883
18485.261216
18492.895543
18500.350045
18508.181821
18515.245898
18522.360289
18529.406050
18537.008730
18544.472510
18552.160854
18560.031414
18567.640270
18574.541916
18581.561755
18589.016068
18596.488741
18604.338435
18611.921217
18619.663043
18626.404438
18633.821285
18641.534351
18649.239398
18656.723161
18664.248327
18671.958321
18679.664266
18686.825724
18694.367131
18701.812554
18709.235864
18717.067763
18724.731609
18732.882055
18740.641607
18748.175161
18755.570084
18763.223862
18771.058718
18778.328562
18785.839876
18794.109077
18802.207686
18810.440026
18818.458198
18826.015425
18833.428465
18841.425716
18849.238636
18856.866415
18864.849031
18872.451329
18879.996931
18887.650988
18895.059174
18902.276431
18909.854089
18917.000963
18924.281421
18932.217531
18929.222365
18941.273796
18948.165699
18955.696103
18963.376841
18970.448879
18977.908022
18985.574510
18993.186625
19000.733149
19008.274564
19015.344194
19021.894145
19029.645455
19037.991511
19045.931454
19053.577306
19061.816876
19070.069187
19077.949626
19085.325867
19092.429976
19100.060019
19107.505993
19114.847200
19122.512412
19129.666219
19137.043612
19144.457108
19151.347475
19158.291656
19165.742669
19173.149528
19179.915994
19186.787099
19193.668636
19199.057129
19205.288858
19211.426886
19217.432042
19223.757472
19229.797219
19235.938069
19242.372932
19248.521974
19254.838999
19261.061913
19267.565723
19274.203720
19280.782670
19287.004204
19294.289202
19300.695183
19306.766994
19312.905864
19319.781678
19326.758321
19334.235552
19341.304748
19337.997843
19349.147464
19355.851547
19362.607456
19369.566813
19375.935587
19383.743210
19391.217248
19397.371382
19403.390479
19410.161846
19417.130353
19424.210642
19431.307370
19438.086040
19446.191022
19454.020499
19461.625648
19469.045472
19475.548350
19482.045656
19489.195593
19496.411085
19503.892590
19510.668779
19516.800876
19523.202188
19529.669975
19536.376121
19542.811228
19549.632067
19556.858659
19564.344194
19570.859815
19577.977730
19584.123215
19590.550344
19597.740354
19604.721111
19612.603066
19620.111807
19627.353248
19635.055978
19641.929337
19648.778266
19655.879224
19663.127945
19670.236162
19677.268581
19684.986688
19692.425862
19700.000882
19704.940532
19711.289685
19719.888236
