7.782140
12.063152
16.283130
19.498778
23.825382
27.897732
32.562176
36.679935
40.774705
44.889779
48.580692
52.230006
55.003508
59.047359
62.858530
66.317079
70.195035
72.930014
75.827371
78.835746
81.807645
84.032261
86.172474
88.870574
92.363708
95.279830
97.504198
99.724805
102.360013
105.888099
108.787523
110.933561
114.110355
118.160383
120.320485
122.139481
125.536347
128.741452
132.693379
136.706037
140.477138
144.328917
147.969325
150.588901
154.256396
158.337023
162.499052
166.489099
169.136921
172.319349
176.659378
179.539560
183.579292
187.058090
191.233937
194.967688
197.153166
200.251893
204.653668
207.524900
210.382222
213.474543
217.031825
221.505843
224.460120
227.883648
231.091155
234.683243
239.378910
243.166281
246.594008
249.508454
252.859539
257.508693
261.534529
264.631998
267.572392
271.508820
275.729843
279.272185
282.712915
285.318485
289.224896
292.562965
296.927894
301.010152
305.120033
306.699198
310.381859
314.831936
318.931821
323.057469
325.904516
328.217155
332.133187
336.806228
340.453250
344.360444
346.935464
350.179178
355.651357
360.889053
365.773879
369.189307
372.485251
376.175894
379.874052
384.182990
387.783193
390.784692
393.410204
396.680406
400.948189
405.145595
407.935860
411.330735
414.540017
415.126897
420.568930
424.828607
427.641092
431.309633
432.803497
436.065367
440.316794
443.048617
446.590315
449.483034
452.561028
457.021454
459.980595
463.856002
466.420630
470.097708
473.866778
477.756984
480.444883
483.819238
487.975865
491.299942
494.803387
497.851290
500.670877
503.824107
506.837806
510.611312
515.500844
516.676435
518.365047
522.284338
526.409758
528.116805
529.942506
533.421991
537.797505
543.112471
545.635328
546.628340
548.368912
552.548850
555.907647
560.058577
563.708125
565.782898
569.263420
572.571118
576.718091
579.942559
582.457599
586.848126
590.780404
594.033465
597.644196
601.349330
604.105993
607.504943
612.378322
615.479338
619.348240
622.369189
626.396943
630.753213
634.055162
637.539851
640.558389
643.967066
648.535913
652.897183
656.295164
659.294938
662.776300
666.873079
670.787665
674.017160
677.196092
680.600364
684.498731
686.627617
687.833137
690.551650
695.039255
697.361541
699.889847
703.434675
707.382969
709.983466
713.431272
716.792741
720.113627
723.282547
726.931955
729.028104
733.977197
739.113773
742.237756
746.387484
750.047809
753.919137
758.798603
762.786808
766.921149
771.573631
775.377761
779.680066
784.036572
787.204206
790.980778
794.955874
799.916331
805.083558
809.383071
811.731024
815.113022
818.907559
823.336652
827.001068
829.386062
834.479519
837.850529
842.397525
846.205891
850.498533
853.943534
859.274572
861.040853
865.185739
870.111746
875.220906
878.463108
882.014736
886.750768
890.423986
894.312509
898.272407
901.180371
905.144134
910.363875
915.319120
920.377116
924.495332
927.021683
930.405157
934.698363
940.962602
946.114844
950.515483
954.655327
960.783223
964.758082
968.901767
973.331703
976.660946
980.611459
985.379935
990.258511
995.935029
1002.987336
1004.329857
1007.921869
1012.381864
1017.287814
1021.972684
1026.327468
1030.633126
1035.582889
1041.077651
1045.402743
1048.013999
1051.855053
1056.568647
1061.458995
1066.598809
1069.799754
1074.404341
1078.838725
1082.768221
1086.962288
1090.281719
1095.205079
1100.744130
1104.628386
1110.465531
1113.321712
1115.898499
1119.681841
1124.097812
1128.435655
1131.941662
1136.991973
1140.055158
1145.213305
1149.290536
1153.170697
1155.539225
1157.635557
1162.735834
1167.290388
1171.604493
1175.702013
1180.435939
1182.491052
1186.659428
1190.056101
1193.726883
1197.938179
1202.303873
1206.245325
1210.629886
1214.536739
1219.234490
1222.942619
1225.422890
1229.874282
1234.286328
1238.381501
1243.336057
1247.442848
1251.133374
1253.613497
1256.332775
1261.210878
1265.641738
1267.414638
1272.394990
1276.624688
1281.222859
1286.010074
1288.988372
1290.006049
1292.934670
1297.131858
1300.918232
1304.827582
1307.836369
1310.384092
1315.135341
1317.742832
1320.431365
1323.483039
1324.410865
1327.347686
1331.226505
1334.877079
1338.529128
1340.803776
1341.757764
1345.046522
1348.188021
1351.120105
1354.336726
1355.702938
1359.316148
1363.769214
1365.996001
1367.651592
1368.614072
1370.176175
1374.310269
1377.861112
1382.225969
1386.031460
1388.527880
1391.549925
1395.528451
1399.317033
1403.526500
1407.707624
1412.013825
1417.267332
1421.693007
1426.316132
1430.441676
1433.988039
1436.424435
1440.341380
1443.860970
1448.535703
1453.710298
1457.236917
1460.996275
1463.825300
1467.782198
1470.088950
1472.778790
1476.348210
1480.066550
1484.268443
1487.728793
1489.929917
1492.593534
1496.283284
1500.234465
1503.177254
1506.432567
1509.931293
1513.979514
1518.320231
1521.291568
1525.158316
1528.513134
1531.938798
1536.004077
1541.022252
1543.147395
1547.677642
1552.097403
1556.698486
1560.774641
1564.703825
1567.132439
1569.615834
1572.285836
1574.592114
1578.340411
1582.025897
1584.317676
1587.598594
1589.675347
1593.002547
1595.597210
1599.091418
1601.895980
1604.957857
1607.793731
1611.910154
1615.476949
1619.768100
1622.639679
1625.755717
1629.533657
1631.991452
1635.796986
1640.065912
1641.215829
1644.232997
1647.335014
1650.160982
1652.528047
1655.042126
1657.212227
1660.160884
1663.327923
1665.639324
1666.295217
1669.574597
1671.451391
1674.917824
1675.992683
1677.824688
1680.542952
1685.208590
1687.070707
1688.042895
1689.884956
1692.387827
1695.715803
1698.840962
1702.196112
1704.755896
1707.653527
1711.840334
1715.193215
1719.239051
1720.903043
1723.748144
1726.684809
1729.698372
1732.688004
1736.868100
1739.705919
1741.990159
1745.528425
1749.104906
1752.757203
1755.103039
1759.092269
1762.131621
1765.735712
1770.323514
1773.316279
1777.282429
1783.388722
1788.503913
1793.051929
1798.413370
1802.631750
1804.928746
1808.183879
1812.854146
1817.067145
1820.701955
1823.108403
1825.581905
1830.091169
1833.765461
1838.065818
1842.335543
1844.295176
1847.120837
1852.031463
1856.665921
1861.386997
1863.526753
1866.497859
1870.494929
1875.599905
1878.534524
1882.906218
1886.214382
1890.208957
1895.235511
1898.014174
1902.966375
1907.497269
1910.816838
1915.002843
1918.132191
1923.400540
1927.535139
1930.695007
1934.699901
1938.094951
1943.050239
1947.173592
1951.115072
1954.984575
1956.804279
1961.869038
1966.842018
1970.629383
1973.905405
1974.723787
1979.965268
1985.566199
1989.089871
1993.620151
1994.982946
1998.068512
2003.570791
2006.966612
2012.075019
2015.336041
2018.706759
2023.666867
2027.831173
2030.691850
2034.192599
2037.920888
2043.449865
2048.351979
2051.198258
2054.179089
2058.984005
2062.762698
2067.610746
2070.853437
2075.466779
2079.951738
2081.970141
2085.124796
2089.610994
2094.166655
2099.639695
2102.881534
2105.504235
2110.012879
2114.075479
2117.595094
2122.682090
2126.255677
2132.924433
2138.550379
2142.302702
2146.533595
2151.085313
2156.289334
2160.451555
2164.461477
2170.097925
2175.736612
2179.070277
2180.690350
2187.082543
2192.145562
2196.421415
2199.785462
2203.901980
2210.113133
2213.898066
2217.184160
2221.012820
2224.465480
2227.972412
2231.474320
2235.336114
2239.761960
2242.920587
2243.754128
2247.168683
2249.919478
2252.542090
2255.056113
2256.850424
2260.562224
2263.660973
2266.474437
2269.015712
2271.401053
2274.625034
2277.702801
2280.788805
2284.528172
2286.711350
2289.801915
2293.102283
2298.023251
2301.096077
2304.338885
2307.600904
2311.783144
2315.057780
2320.121876
2322.444062
2326.809173
2331.691536
2334.342449
2339.142516
2344.036592
2347.710307
2351.161370
2354.736224
2358.041462
2364.334801
2367.884447
2372.330546
2375.984427
2381.107001
2385.614331
2389.568001
2393.389787
2397.411369
2401.008829
2404.238322
2409.882493
2412.716487
2415.065676
2420.100687
2424.825979
2428.938660
2430.974198
2434.179905
2438.256506
2443.169424
2446.029682
2448.914404
2451.065612
2454.965931
2459.378847
2462.852652
2463.731924
2467.440973
2471.246625
2475.427879
2478.682744
2480.545377
2484.374156
2488.410992
2492.350813
2495.303863
2499.055456
2502.259971
2504.451451
2508.782272
2512.243224
2515.487700
2517.924852
2520.257132
2524.876462
2528.349559
2532.519226
2533.206010
2534.739864
2537.945260
2541.207105
2543.596730
2545.752544
2548.420530
2552.323638
2555.910312
2558.047681
2560.806885
2565.172400
2568.712506
2570.810993
2573.619528
2576.555968
2582.240186
2584.561525
2586.953256
2589.856264
2593.919307
2597.151463
2599.194362
2602.082550
2606.367236
2610.464587
2613.976356
2615.783852
2618.273675
2622.351838
2626.398584
2628.630331
2631.753059
2634.852342
2637.548028
2639.406267
2641.960826
2645.519922
2648.781206
2651.917047
2654.525764
2658.126558
2659.781350
2663.030312
2667.153377
2670.138640
2671.504177
2674.793528
2678.073094
2681.082244
2683.136739
2685.230610
2687.673471
2690.344776
2691.909267
2693.688818
2695.958617
2699.993749
2702.129562
2703.003147
2705.295889
2708.495280
2711.884833
2713.269933
2715.668845
2718.855790
2721.131462
2722.841409
2726.215809
2719.328803
2727.151209
2729.205438
2732.866680
2737.000317
2741.958108
2743.523225
2747.057143
2751.600110
2756.627909
2758.879791
2761.892547
2766.325846
2771.124108
2772.980675
2775.856585
2780.390271
2783.725789
2785.302185
2788.634589
2792.110963
2795.919920
2798.415667
2801.649743
2803.201309
2807.288216
2810.294519
2812.967624
2815.515123
2818.872773
2821.966981
2825.333639
2828.604191
2831.564225
2835.333224
2838.431032
2842.230721
2844.650558
2847.494176
2851.305756
2853.947730
2857.218368
2860.591090
2864.082300
2867.321453
2870.299339
2873.799420
2878.282869
2881.337469
2884.335044
2887.080184
2890.284844
2894.844959
2897.438771
2900.304781
2902.724908
2906.040259
2909.055649
2912.645814
2916.498235
2919.224397
2923.278630
2926.877645
2932.006661
2934.685781
2937.531345
2941.683907
2946.021598
2950.061067
2953.762237
2957.460951
2962.276821
2967.174453
2971.493894
2974.587929
2978.486222
2983.099656
2987.718306
2991.948157
2996.064892
3000.240016
3005.105399
3009.761087
3012.706355
3018.321223
3022.717391
3027.844649
3032.809337
3037.613150
3042.676893
3047.627515
3051.512805
3057.253860
3062.560850
3067.958199
3071.843896
3076.408855
3082.168055
3087.451467
3091.253955
3094.108340
3098.813991
3104.041970
3108.377076
3111.827000
3116.359127
3120.536440
3125.104393
3128.165739
3132.131426
3137.232291
3139.128143
3142.252064
3146.173191
3150.505419
3154.725841
3157.217398
3159.521049
3164.176654
3168.532341
3172.666204
3175.606700
3178.922112
3183.073961
3187.449161
3191.249314
3194.125553
3198.265344
3202.520577
3207.215565
3210.998101
3214.085107
3218.128966
3222.537800
3216.822722
3224.231529
3227.750058
3230.862022
3234.475101
3237.687756
3240.818414
3243.369587
3246.914303
3250.394167
3253.323665
3256.047834
3259.524272
3262.932000
3266.011403
3269.113809
3272.055852
3275.618681
3279.160911
3282.376198
3285.382038
3288.174525
3291.566946
3295.046888
3298.165584
3300.903549
3303.637703
3307.169941
3310.201804
3311.636658
3314.223241
3316.824046
3320.252634
3323.716814
3325.912757
3328.627780
3332.046859
3335.524541
3337.573519
3341.164295
3345.178850
3349.348778
3353.459774
3356.420515
3360.847407
3364.573736
3368.623245
3372.347808
3375.614256
3380.139208
3383.767193
3387.750487
3391.333221
3395.175572
3399.008472
3402.765456
3406.836348
3410.708733
3413.182596
3416.551666
3420.133717
3424.007976
3427.851983
3431.359886
3432.539187
3436.755808
3440.492657
3444.322707
3447.370401
3448.831264
3452.009197
3455.992184
3459.244518
3462.584949
3465.223170
3467.895578
3471.612112
3474.995913
3478.552148
3482.513119
3483.959733
3487.504069
3490.990722
3495.056850
3498.164448
3500.345694
3502.792573
3506.106463
3509.818726
3512.908970
3515.196078
3518.440899
3521.483356
3525.022550
3527.813452
3530.561272
3533.782807
3538.685688
3541.701540
3544.831739
3548.934971
3554.048877
3556.142020
3560.786064
3564.592140
3567.648826
3570.966202
3574.705289
3578.183486
3582.471717
3584.338734
3587.801533
3590.996176
3593.871180
3597.200977
3599.238485
3602.608196
3606.131314
3609.820762
3612.236929
3616.308534
3620.417083
3624.287037
3627.424269
3629.836386
3632.916453
3635.925263
3640.150276
3643.324717
3645.823670
3648.270543
3650.979691
3653.227892
3657.310666
3660.932260
3663.017193
3665.072312
3668.271689
3670.001596
3674.566182
3677.219657
3679.497196
3683.190278
3685.669491
3688.461367
3692.057834
3694.430277
3697.760006
3700.084261
3703.062940
3706.565898
3706.858193
3708.981362
3713.244424
3716.936984
3719.916220
3722.138883
3725.112661
3729.351331
3732.340813
3734.999066
3737.371559
3740.424868
3743.387201
3747.570224
3749.903256
3751.932033
3753.941135
3757.418597
3761.596241
3764.615523
3766.222247
3768.928299
3772.314711
3775.283117
3777.036845
3780.209751
3783.636639
3787.078903
3790.517797
3793.717107
3797.206365
3801.032663
3804.432541
3807.348906
3811.068506
3815.045435
3819.155416
3822.575139
3825.050053
3828.269619
3831.202928
3835.005139
3838.188143
3841.131714
3844.821968
3848.547978
3852.209396
3855.382493
3858.432184
3861.008194
3864.550873
3867.686376
3871.194263
3875.296161
3879.450378
3882.474368
3886.773583
3889.874656
3892.288852
3895.951467
3899.756640
3903.872669
3906.982280
3910.727631
3915.025507
3918.727202
3921.143826
3924.124465
3927.692705
3931.160506
3934.573741
3937.502266
3941.676108
3945.970677
3948.803527
3951.957071
3954.042047
3958.261629
3962.335229
3965.247845
3967.779540
3972.183326
3975.995177
3980.289443
3983.463191
3986.434394
3989.047642
3993.709979
3996.616625
3999.558603
4003.188927
4005.763747
4010.436429
4015.336311
4018.348489
4023.502541
4028.380883
4032.549466
4037.940452
4042.449073
4047.188892
4052.455808
4057.334096
4061.218192
4066.482695
4072.266404
4077.773044
4081.672278
4086.616757
4090.761332
4096.512444
4101.360934
4106.261742
4110.845072
4114.780075
4119.435153
4124.272925
4129.081068
4134.482741
4138.824027
4142.034611
4147.261473
4150.643067
4154.182056
4157.956788
4159.933844
4163.898537
4167.737700
4171.841973
4175.690237
4177.903190
4181.253275
4185.979008
4190.132548
4193.988708
4196.241104
4200.403335
4204.396799
4208.860719
4213.212605
4216.427846
4218.287611
4222.803106
4227.142639
4231.365879
4234.560632
4237.097814
4241.104241
4245.730282
4249.576505
4252.268679
4255.217310
4259.595956
4265.113879
4269.123176
4271.921455
4274.253271
4277.857552
4282.781874
4287.686754
4291.558937
4293.513026
4297.760647
4302.299107
4306.428180
4311.158874
4314.894423
4318.204799
4322.696368
4327.344403
4331.299613
4335.081417
4339.656041
4344.543296
4349.809956
4354.324528
4358.284343
4361.978876
4367.266097
4371.870087
4376.549190
4380.027801
4384.068981
4389.372284
4392.537512
4396.352385
4400.023984
4403.025324
4406.453780
4408.348643
4411.776412
4416.395544
4419.215599
4422.318860
4426.548443
4429.839454
4433.398167
4437.855180
4442.231622
4445.958589
4449.604258
4453.149110
4458.881865
4463.156039
4467.600316
4470.794153
4475.157106
4480.096630
4484.315044
4489.354055
4492.758421
4493.672442
4495.687715
4499.470407
4503.383047
4507.525198
4510.368864
4513.056203
4516.617355
4520.009508
4524.092233
4527.258176
4528.507624
4531.579765
4535.502448
4539.521316
4542.502396
4544.910215
4548.077640
4552.012015
4556.079169
4559.424764
4562.330243
4566.325969
4570.473595
4575.011447
4578.386837
4581.369889
4585.353123
4589.532917
4593.176723
4596.171277
4600.234064
4604.710494
4608.678856
4611.985385
4613.867611
4617.196354
4620.204652
4624.362563
4628.805274
4632.641973
4634.755863
4638.719568
4641.934280
4645.798312
4648.240738
4648.473741
4651.917452
4655.248947
4658.604142
4661.251844
4663.299795
4666.629951
4669.152079
4672.059098
4674.424694
4676.897412
4680.419252
4682.417953
4685.853754
4689.126854
4691.741434
4695.387617
4697.962345
4700.147226
4703.258165
4705.888211
4708.834813
4711.690571
4715.102303
4718.488780
4720.977536
4723.734814
4726.625651
4729.357139
4732.817425
4736.065804
4739.314384
4742.592854
4746.881484
4750.384965
4752.468579
4756.534684
4760.045766
4763.181085
4767.410282
4770.818173
4773.545211
4777.540465
4779.795028
4782.849006
4786.315741
4788.504875
4793.622476
4796.841850
4799.263172
4802.123965
4803.462800
4806.403035
4810.783371
4814.128280
4817.649694
4819.745580
4821.513553
4825.566798
4828.918395
4831.228860
4833.236481
4835.881271
4838.518259
4841.740389
4843.211747
4846.044434
4849.130191
4851.418735
4853.993620
4855.208216
4857.702436
4860.577642
4863.762577
4866.940480
4869.388466
4871.173486
4873.446332
4876.262075
4878.843289
4881.887426
4884.038293
4886.872904
4890.181417
4893.440471
4896.009231
4897.521074
4900.296297
4903.435457
4906.642066
4909.318072
4912.161182
4915.554469
4918.763297
4919.752902
4921.115768
4924.170060
4927.204267
4929.581280
4931.295248
4933.842368
4936.664294
4939.015179
4940.634969
4943.644803
4946.050526
4948.683694
4950.844673
4953.309336
4956.571874
4959.502273
4962.628219
4965.505143
4968.195407
4971.678409
4974.312283
4977.278268
4980.318171
4983.048402
4986.294481
4989.327431
4991.458324
4994.005864
4996.701815
4999.591802
5001.940709
5005.648220
5008.044098
5010.692393
5012.830770
5015.271671
5018.273189
5022.249427
5024.537457
5027.012478
5029.397407
5031.604324
5035.369263
5039.254515
5042.078320
5044.827831
5047.506841
5050.951905
5056.274906
5059.608626
5062.786802
5065.598678
5068.934591
5072.775431
5076.786513
5081.939245
5085.329159
5089.121153
5092.596661
5097.243553
5100.823529
5103.807065
5107.842043
5112.432222
5116.950850
5120.557102
5123.577588
5126.642172
5131.023107
5134.170099
5138.559039
5143.078286
5145.816550
5149.208982
5153.090520
5156.858461
5160.259901
5163.907132
5166.892514
5170.710040
5174.575815
5177.843410
5180.967641
5184.314394
5187.373849
5191.236768
5194.498256
5196.192756
5199.986526
5203.691857
5206.996362
5210.012924
5211.224583
5214.684209
5217.853755
5221.225941
5224.084995
5225.629074
5229.035032
5232.209223
5235.201283
5238.021236
5240.808301
5243.798471
5246.998300
5250.820460
5253.782444
5257.067214
5260.424605
5264.170850
5268.047928
5270.564048
5273.913240
5277.651113
5281.401731
5284.961854
5288.826305
5292.240851
5294.909771
5298.047807
5301.711141
5305.401674
5309.352141
5312.652648
5314.116366
5317.586096
5320.576387
5323.812498
5326.941278
5328.816179
5332.868377
5335.610183
5338.512977
5342.562744
5346.078424
5348.662967
5351.772291
5355.135442
5357.723192
5360.620259
5362.684082
5365.109854
5368.340176
5369.843549
5372.100884
5375.907187
5378.992403
5382.670991
5384.873223
5388.892690
5392.365865
5394.717793
5397.583103
5401.319479
5403.347218
5406.925345
5409.408317
5412.283982
5416.311931
5419.456941
5423.171328
5424.835271
5427.558863
5431.746100
5434.847017
5438.289187
5441.132052
5443.348436
5445.840811
5449.989021
5453.140959
5456.209346
5458.380623
5460.706315
5464.930627
5468.552320
5471.377395
5474.447464
5477.777289
5481.883813
5485.827988
5489.603474
5493.519278
5496.505135
5500.010002
5504.319681
5508.105260
5512.086246
5515.324787
5518.956358
5523.323160
5527.139867
5531.018335
5535.199221
5537.570766
5540.544337
5544.255227
5548.258047
5552.040516
5554.724153
5556.131120
5559.953299
5563.816975
5567.154503
5569.343513
5570.591155
5573.960132
5576.905900
5580.692095
5584.503932
5585.916376
5588.282337
5591.423026
5594.493821
5597.747093
5600.293139
5603.285239
5606.313481
5609.006506
5612.179487
5614.414116
5617.804477
5621.595104
5625.192201
5628.339128
5630.168196
5632.713739
5636.366551
5640.591906
5644.462445
5647.946558
5650.300294
5651.843222
5656.333379
5659.831797
5664.069278
5665.662838
5669.156164
5673.317946
5677.122611
5678.513024
5679.907046
5682.818105
5686.740333
5690.040883
5691.094648
5693.257284
5696.193399
5698.698275
5699.737815
5702.612262
5706.966177
5709.990332
5712.144065
5714.141091
5717.168624
5721.355017
5722.315550
5725.435351
5728.897176
5731.851459
5734.543216
5738.250988
5739.481710
5742.262437
5744.242784
5748.462631
5751.638460
5753.764909
5755.872377
5759.377513
5761.681153
5762.941220
5765.303579
5768.693789
5771.885937
5775.008854
5776.742588
5780.272858
5782.707448
5783.585283
5787.456879
5789.367935
5793.107960
5794.940166
5797.111012
5799.254701
5802.836619
5804.392571
5807.319894
5810.138872
5813.770212
5815.167566
5818.415696
5822.496569
5828.167304
5831.133202
5835.543132
5840.152645
5845.389371
5848.044073
5852.728007
5857.516054
5861.896349
5865.262581
5869.727714
5872.458761
5876.412362
5881.179784
5885.724331
5889.558009
5893.414030
5895.221731
5900.023630
5904.502901
5908.838350
5911.099647
5914.362796
5917.757821
5922.265756
5925.575560
5928.339724
5931.811004
5935.378849
5937.736839
5941.299720
5943.901483
5947.337900
5951.150077
5954.584958
5956.549811
5959.545788
5962.595988
5966.051670
5968.410508
5971.834664
5974.550498
5976.820716
5980.625956
5982.851401
5986.322932
5988.805453
5992.430807
5994.641800
5997.044346
6000.505094
6002.909121
6005.987939
6006.976645
6011.126379
6014.362945
6017.115042
6020.084032
6020.949714
6024.337788
6028.225716
6031.540557
6034.312951
6035.313785
6038.649080
6041.690657
6045.490697
6047.352445
6050.180165
6053.253410
6056.283976
6060.154750
6061.864788
6064.912370
6067.635167
6071.817101
6076.306045
6077.550934
6080.160435
6084.466948
6088.917890
6091.659958
6093.504351
6097.072692
6101.480751
6105.237547
6106.203774
6109.944336
6113.410205
6118.104528
6120.959347
6122.872155
6126.261269
6129.853948
6133.294825
6136.632293
6138.815872
6142.584881
6145.842503
6148.231818
6151.315951
6153.328778
6157.296033
6159.852823
6162.815589
6165.573544
6169.146943
6172.800821
6176.368562
6178.732696
6182.046694
6185.059253
6188.816941
6191.959118
6194.537552
6197.910868
6200.970478
6204.149127
6207.498197
6210.350922
6213.966632
6217.821231
6220.647188
6223.725637
6226.474750
6230.039030
6233.301601
6236.868599
6238.960940
6241.641716
6244.647043
6248.105955
6250.972733
6253.610997
6256.429262
6259.138009
6262.661304
6265.429072
6268.020995
6269.797633
6273.240181
6276.669123
6279.247977
6281.376244
6283.733180
6287.157910
6290.272763
6292.295970
6295.233694
6297.773788
6301.036822
6303.778439
6307.126801
6309.100407
6312.348970
6315.697083
6318.295305
6320.396394
6323.625181
6327.066618
6330.126765
6332.317143
6335.274330
6338.814534
6342.071362
6344.736982
6347.920914
6351.770392
6354.513616
6357.168287
6360.591263
6364.752772
6367.667005
6370.247873
6373.746779
6377.692982
6381.065014
6383.545595
6385.792759
6389.470430
6392.646825
6395.292332
6398.043364
6401.223872
6405.034307
6407.724410
6409.982628
6413.565202
6417.397790
6420.649629
6423.501636
6426.330529
6430.311742
6434.259195
6437.709926
6440.254925
6444.392603
6448.735120
6452.561435
6454.201525
6457.527875
6461.356363
6464.560060
6467.235165
6470.172644
6473.924068
6477.570075
6479.842256
6481.080301
6484.726932
6488.352713
6491.152615
6493.161798
6496.203108
6497.715252
6501.553385
6505.276204
6507.256743
6510.505946
6513.175074
6515.000579
6516.919293
6520.138815
6523.067522
6526.619488
6529.616714
6530.973263
6533.381492
6536.781539
6540.260146
6543.456126
6546.466949
6548.350592
6550.233436
6553.995213
6557.657405
6561.112489
6564.017541
6566.090635
6569.679965
6573.178103
6576.708237
6579.168385
6582.185088
6584.534676
6587.735015
6592.210660
6593.818050
6596.934226
6600.320640
6602.402584
6604.748981
6607.019919
6610.476580
6614.049937
6616.214270
6618.320404
6620.669922
6623.876097
6626.514311
6629.464115
6632.566089
6634.898596
6637.913846
6640.211176
6643.537572
6647.228566
6650.406780
6651.487804
6653.380805
6657.159151
6661.902551
6665.532401
6666.378044
6668.511618
6671.185086
6675.806090
6679.238330
6680.827629
6683.617700
6686.256729
6689.379022
6692.301666
6694.599307
6697.591760
6701.323729
6702.474439
6704.881403
6707.565863
6711.273823
6713.985983
6717.317865
6719.483357
6721.231679
6725.534113
6728.611223
6732.383141
6735.844414
6738.048244
6741.420944
6746.280089
6750.788120
6756.188248
6758.791063
6761.846586
6765.796984
6771.071129
6774.386947
6778.222217
6782.512021
6786.688386
6789.622065
6793.590136
6797.134769
6802.204247
6805.389352
6807.841878
6811.242380
6815.765307
6819.299681
6822.955267
6827.556904
6831.028107
6834.056544
6838.123195
6842.795393
6847.034641
6850.111845
6852.844925
6856.695098
6861.494073
6865.209542
6869.014759
6873.078952
6876.482823
6880.138139
6883.592858
6887.595988
6891.533596
6894.589491
6898.835130
6902.586368
6906.403883
6910.346326
6913.087254
6917.919170
6921.247289
6924.897317
6928.054287
6931.792242
6935.304542
6939.394478
6944.154172
6947.885816
6952.325643
6956.962236
6960.305640
6965.598928
6968.638283
6972.220182
6977.026773
6982.093210
6986.324161
6988.712932
6992.078760
6996.542250
7001.387124
7003.806396
7006.786399
7010.781274
7014.891347
7018.249358
7019.264419
7023.136054
7026.944998
7030.632653
7033.918755
7035.060210
7039.320929
7043.179915
7046.847386
7049.245944
7053.121525
7056.865320
7060.733233
7064.772265
7067.212790
7071.713971
7075.246072
7079.182584
7083.449563
7086.452944
7089.848514
7094.260865
7098.508698
7103.167906
7106.888328
7111.109078
7115.332926
7119.051121
7124.315212
7129.252514
7132.998372
7136.810234
7140.349820
7143.121310
7147.194931
7150.697127
7154.742917
7158.386515
7161.535020
7164.441699
7168.139748
7170.854661
7174.952322
7178.185213
7181.999747
7185.566575
7188.406855
7192.437824
7195.608837
7198.915038
7202.021860
7205.406502
7209.317287
7211.903225
7215.122702
7218.813018
7222.003046
7225.743047
7228.602179
7232.423628
7235.933130
7239.062020
7242.991812
7246.442992
7249.645684
7253.295745
7256.391650
7262.692360
7266.246186
7270.614640
7273.690266
7278.081775
7282.372566
7284.593469
7289.826204
7294.671828
7298.948975
7301.760678
7304.586382
7307.392934
7311.411655
7315.816010
7319.427619
7322.983490
7326.948398
7329.433026
7332.608775
7336.525533
7339.636712
7344.217635
7348.966885
7353.160828
7356.173524
7359.840455
7364.311700
7368.461407
7370.921690
7374.363504
7378.039332
7382.322941
7385.593752
7389.353299
7393.648406
7398.157977
7402.646807
7404.920047
7409.217192
7413.329601
7417.558727
7420.937536
7424.158156
7427.455098
7431.028464
7434.622717
7438.199481
7441.866795
7444.370858
7447.407073
7449.354123
7451.406848
7455.274260
7459.006413
7461.849868
7463.865675
7466.472771
7469.776649
7473.643584
7477.388072
7480.411591
7483.130657
7486.154647
7488.462074
7490.708296
7494.266486
7497.874056
7502.582556
7504.916368
7507.544867
7511.736620
7515.639749
7518.989588
7522.532073
7526.328837
7529.329578
7532.206207
7536.395307
7541.490339
7545.372230
7549.971667
7554.217749
7559.037258
7563.216726
7565.852994
7569.816041
7572.817948
7577.478827
7582.303583
7586.707555
7589.712311
7592.139444
7596.218752
7600.002610
7604.086222
7608.595752
7610.163426
7613.607423
7616.827824
7620.137277
7622.695173
7624.326422
7627.906672
7632.613210
7636.205385
7638.420686
7638.856119
7643.045272
7646.593831
7649.896464
7652.429289
7655.867904
7658.728776
7662.302898
7664.351500
7667.698558
7670.991026
7673.267524
7675.654152
7678.297865
7682.416545
7685.419252
7686.437286
7689.463366
7692.097169
7695.524330
7698.848778
7699.611599
7703.406295
7705.853924
7709.360878
7711.228691
7712.619359
7715.964265
7719.640438
7721.660588
7724.450412
7726.983585
7728.362775
7731.441862
7735.253023
7738.640356
7743.369679
7744.489766
7747.332974
7751.181053
7754.683883
7758.118284
7760.215112
7763.741427
7766.482962
7770.139906
7774.477441
7777.413669
7780.953713
7784.245454
7788.138528
7791.071385
7793.664253
7797.778551
7802.158292
7805.924033
7808.971972
7812.664123
7815.766607
7820.024192
7822.643897
7826.222563
7829.998936
7833.836636
7836.487422
7840.131603
7844.859131
7848.590802
7850.259803
7855.299009
7859.626041
7864.010662
7866.727399
7869.519090
7874.042466
7878.182813
7881.528699
7885.253393
7886.763818
7891.518381
7894.584576
7898.883467
7902.283523
7904.568972
7906.347202
7910.549912
7913.654861
7916.351834
7918.342601
7921.325466
7925.747162
7928.613906
7930.817020
7933.909951
7936.791260
7940.446852
7943.775914
7946.838340
7950.969909
7953.436843
7957.219064
7961.109703
7964.497217
7967.788937
7971.047080
7972.639746
7976.482044
7980.509009
7984.503728
7987.620759
7989.194153
7993.393695
7997.446542
8001.535408
8003.810070
8005.774879
8009.436153
8013.353792
8017.196595
8019.157859
8021.157097
8024.657081
8028.197174
8032.041567
8034.873698
8037.136820
8040.491502
8043.797742
8047.282700
8050.778436
8053.922527
8056.348789
8061.440845
8063.790155
8066.665112
8068.836279
8071.843996
8076.436484
8080.435853
8084.197899
8086.025498
8086.661621
8091.940580
8095.754520
8100.547869
8103.987155
8105.413245
8108.857020
8113.127694
8117.727200
8121.889474
8124.860490
8128.754955
8132.208378
8136.759415
8141.015720
8145.027610
8149.618281
8153.336521
8157.559348
8161.768408
8165.433430
8169.100677
8174.017086
8178.161505
8181.966777
8185.446141
8188.980817
8192.407048
8197.214691
8201.815062
8206.011296
8209.313538
8212.790520
8217.012309
8221.502632
8224.236083
8228.519113
8232.413028
8236.547605
8240.010179
8243.907643
8247.833401
8252.317760
8256.541016
8260.362783
8263.021887
8266.032578
8269.846994
8273.166529
8276.189813
8279.035476
8282.535690
8285.638819
8288.058325
8291.611170
8295.163702
8298.297679
8301.109948
8302.332567
8306.276089
8309.737272
8312.531026
8314.819332
8317.572367
8321.048429
8324.198972
8327.117304
8329.071606
8332.109604
8336.140363
8339.713003
8342.992851
8345.598072
8349.042100
8352.872070
8356.632931
8360.546289
8361.986323
8365.744480
8370.417410
8373.686410
8375.667959
8377.966325
8381.955518
8386.847204
8387.802706
8389.715100
8392.543839
8397.553218
8402.179964
8403.402415
8405.135241
8409.047846
8412.395461
8415.921159
8418.793718
8423.026971
8425.968570
8429.014160
8432.391068
8436.101378
8439.307800
8443.250933
8446.998154
8449.868604
8453.284127
8457.015045
8461.098048
8464.519230
8467.312524
8470.682207
8475.012178
8477.733425
8482.355232
8485.445974
8488.518219
8492.752339
8496.671189
8500.040388
8502.775717
8506.485530
8509.942025
8513.141068
8516.299875
8519.696081
8523.053242
8525.735794
8527.974222
8531.062513
8533.527272
8536.033785
8539.623642
8542.640103
8545.729162
8546.836993
8549.196760
8552.217925
8554.577747
8558.045683
8561.338727
8564.444976
8566.708296
8569.329166
8573.281484
8577.675702
8581.352083
8584.864055
8587.946550
8591.993455
8595.631344
8599.984937
8604.188424
8607.274146
8610.466426
8614.377907
8618.640813
8622.581477
8625.494428
8627.268280
8630.643502
8634.273744
8636.071333
8638.109770
8639.927511
8642.686078
8645.774212
8648.214029
8651.182646
8653.135020
8656.310363
8658.386709
8663.102403
8667.161016
8669.843229
8673.521889
8677.424640
8680.753014
8684.431425
8688.130832
8689.156856
8691.280440
8693.683032
8696.736353
8699.708299
8701.370533
8703.818230
8705.527042
8705.811904
8708.249203
8710.569012
8712.807633
8713.660483
8713.192646
8715.916738
8718.956633
8719.902797
8720.819307
8721.533480
8724.294069
8726.622568
8727.680008
8728.526082
8729.941376
8731.984056
8733.901598
8736.350325
8738.162591
8739.930034
8741.908803
8743.887463
8747.563903
8748.941100
8752.692775
8755.273607
8757.254572
8761.400792
8764.106227
8766.790431
8768.329757
8771.350968
8775.691674
8779.074851
8782.328896
8785.079170
8788.431002
8791.859937
8795.094596
8797.379709
8800.622087
8803.868366
8807.858242
8810.715617
8813.099477
8816.127525
8819.388196
8823.492317
8826.059184
8828.811171
8831.193372
8834.465377
8837.726543
8841.288501
8843.931992
8846.633869
8848.318929
8852.056559
8855.529617
8858.688717
8861.387876
8864.472068
8868.818668
8872.715540
8875.101379
8878.110680
8882.636585
8885.153570
8889.171755
8891.313490
8893.854375
8896.856171
8899.642394
8903.647198
8906.609083
8908.162180
8911.051904
8914.029771
8915.623496
8917.277228
8918.475110
8921.803605
8924.600583
8926.161542
8928.482811
8930.054134
8931.807057
8935.308724
8938.422656
8940.185758
8942.579259
8945.003959
8947.157048
8950.412101
8952.303002
8954.783766
8957.348899
8959.482486
8961.474058
8963.950323
8966.638271
8969.045763
8971.233651
8973.208566
8975.624087
8978.571493
8981.384645
8984.188762
8986.767832
8991.292939
8992.604479
8995.399431
8998.011633
9001.832169
9005.788941
9006.983845
9010.664732
9014.055769
9017.482261
9021.866555
9025.643237
9029.558900
9033.704632
9037.873128
9042.930029
9047.466634
9051.751816
9054.339990
9059.599255
9064.400214
9068.659119
9072.788212
9076.375520
9081.209736
9085.714800
9089.902943
9093.400336
9097.737363
9102.409058
9107.132311
9110.170743
9114.506844
9119.391311
9123.953373
9128.485184
9132.952151
9136.352294
9141.912537
9146.803354
9151.639690
9156.438123
9160.140506
9162.764725
9167.523860
9173.131763
9178.108637
9181.709497
9186.266632
9188.727461
9192.270251
9198.330618
9203.411026
9207.267095
9210.969305
9213.546580
9217.174189
9221.974563
9226.129394
9229.917276
9233.978024
9236.460678
9240.110443
9244.606308
9248.209534
9252.284176
9255.876890
9258.807675
9262.068266
9265.795922
9269.899123
9274.036706
9277.611658
9280.254770
9283.054907
9286.900655
9290.770583
9294.558336
9298.225855
9300.369267
9303.231161
9307.489753
9311.386395
9314.945064
9318.076161
9320.450482
9323.600031
9328.760101
9332.029527
9335.270467
9338.790255
9342.543717
9346.192098
9349.844723
9354.431098
9359.920423
9363.463139
9366.731923
9370.468697
9375.374817
9379.791419
9384.178750
9388.593691
9391.763021
9395.638751
9400.585669
9405.038756
9409.704089
9413.747044
9417.064506
9420.545862
9425.305962
9429.809528
9434.359758
9438.591909
9441.291315
9444.320597
9448.701947
9452.488958
9456.220057
9460.155616
9462.933317
9466.089073
9469.976745
9473.698458
9477.829676
9481.654584
9484.247214
9487.818830
9491.559618
9495.609188
9499.273073
9502.748900
9505.407834
9509.411449
9513.164063
9516.859091
9520.625058
9524.209145
9526.812433
9530.629725
9534.542629
9538.553398
9542.378142
9545.132694
9549.290604
9552.703171
9556.892471
9560.998494
9563.664662
9567.839836
9571.397462
9574.765873
9577.274095
9581.261110
9584.829513
9589.091458
9592.747373
9595.051060
9599.322232
9602.528014
9606.818663
9610.493084
9612.927482
9617.421337
9619.436997
9623.893240
9627.506402
9630.245652
9634.682623
9636.781624
9640.247468
9643.070186
9647.640611
9651.820696
9655.285901
9658.338967
9660.411037
9665.045868
9669.107401
9673.019753
9675.782249
9678.085408
9682.592509
9686.481349
9690.464739
9691.933610
9696.073815
9700.895539
9704.975558
9708.833985
9711.130013
9714.824335
9718.819056
9723.568704
9727.712899
9730.419043
9734.409285
9737.746512
9742.212158
9745.835055
9748.254297
9753.314089
9756.298396
9758.403359
9761.305246
9765.110908
9769.648933
9773.094774
9775.727777
9778.054150
9781.986834
9785.133723
9788.209745
9792.089558
9797.518344
9801.367490
9805.341080
9809.006189
9813.366722
9817.600964
9823.228805
9827.086967
9831.012071
9834.624081
9840.286931
9845.576522
9849.421504
9855.353985
9858.452028
9863.110709
9869.309280
9873.463288
9877.365192
9882.947282
9885.864717
9889.715315
9894.715009
9899.940988
9904.109684
9907.152861
9911.102706
9915.189571
9920.343508
9925.052606
9928.602764
9931.842655
9936.817109
9941.787148
9946.274465
9951.016839
9954.140256
9957.869782
9962.324396
9967.188393
9971.887555
9974.987241
9977.516461
9981.711371
9986.913550
9990.919104
9993.449258
9996.751213
10002.144396
10005.181302
10007.981364
10011.529218
10014.608376
10017.731927
10020.896784
10023.613412
10027.250852
10030.448871
10034.405979
10036.969282
10040.544591
10043.918432
10047.022826
10050.226512
10053.363867
10057.266095
10060.699648
10063.101299
10066.594727
10070.064605
10074.009576
10076.996657
10081.034734
10084.502139
10087.433337
10090.470090
10094.358063
10098.367211
10102.174475
10104.608447
10108.174181
10111.879558
10115.925196
10118.426279
10121.328470
10125.247326
10128.932143
10131.445781
10134.603021
10137.631604
10141.255873
10144.419056
10148.527064
10151.315720
10154.353091
10156.921644
10160.699035
10164.074008
10167.671685
10170.558250
