-7.207753
-7.480657
0.000000
-4.016174
8.378353
2.733130
-34.087903
4.964053
-3.021088
-35.858742
-27.660537
0.000000
-3.889246
-4.427524
-1.901352
2.449917
2.993028
1.511648
4.017278
-5.983136
14.770338
5.674212
-1.503670
-24.902460
-2.121832
-11.434747
8.629633
-13.002586
0.452595
1.796248
-15.519938
-3.611524
7.385249
3.990118
-2.703403
0.000000
-23.032617
0.000000
0.000000
-1.384816
1.002197
1.591393
0.000000
0.000000
-3.053300
0.000000
-1.391585
14.609855
-1.035183
-5.111347
-0.557649
-3.402396
2.248430
0.000000
4.760536
-7.901061
0.000000
-12.063657
0.732260
-8.686789
2.030070
-8.940876
-7.831586
-5.743818
1.427199
0.000000
-10.430885
0.000000
14.061022
-14.504177
2.494297
-21.601291
-3.110759
2.374447
-3.980871
-10.219014
0.000000
0.817136
7.337731
0.000000
7.363043
0.000000
-4.905696
0.000000
-8.547897
0.000000
-6.412478
0.000000
4.405687
0.000000
0.000000
0.000000
-5.468360
2.598034
-6.670807
-0.691073
-2.740829
-2.499949
0.000000
0.000000
-3.620741
0.000000
0.000000
0.070195
-5.374076
0.000000
0.000000
0.000000
0.000000
3.937200
0.000000
-0.719238
0.000000
0.000000
-7.675545
0.000000
0.000000
0.000000
-5.195839
0.000000
7.863782
0.000000
0.000000
0.000000
0.000000
-11.125289
0.000000
-1.409449
0.000000
0.000000
0.000000
-3.510454
-0.650488
-5.276692
-6.851937
0.000000
4.453558
-4.989676
-0.145787
4.533201
-2.562303
0.000000
0.000000
-3.267728
7.147939
0.000000
-11.306532
0.000000
-3.176179
0.000000
1.470066
0.000000
6.692844
0.820517
0.000000
0.000000
0.000000
0.000000
0.000000
-1.765274
0.000000
0.000000
0.000000
0.000000
0.000000
0.000000
0.000000
0.000000
0.067077
0.000000
1.564214
-5.044425
0.000000
0.000000
-8.009223
2.481696
-0.575855
0.000000
0.000000
0.000000
0.000000
0.000000
0.000000
0.000000
0.000000
0.000000
0.000000
0.000000
0.000000
0.000000
-5.999017
0.000000
1.895300
0.000000
0.000000
0.000000
0.000000
0.000000
0.000000
0.000000
0.000000
0.000000
0.000000
0.092768
1.083434
0.000000
0.000000
0.000000
9.052581
0.000000
0.000000
-8.569617
0.000000
0.000000
0.000000
0.000000
-2.579658
0.000000
0.000000
2.532537
0.000000
0.000000
0.000000
0.000000
4.116935
0.000000
0.000000
0.000000
0.000000
0.000000
0.000000
0.000000
0.000000
0.000000
0.000000
-0.056537
0.000000
0.000000
0.000000
0.000000
11.790685
6.720405
0.000000
0.000000
1.136194
0.000000
0.000000
0.000000
-3.006404
0.000000
-4.193208
0.000000
-3.366361
0.000000
0.000000
0.000000
-3.676171
0.000000
0.000000
0.000000
6.056514
0.000000
-0.520518
-0.773106
0.000000
-5.708001
0.000000
-1.598387
-4.199001
-11.092750
-3.857573
-2.947644
5.898467
0.000000
0.000000
0.000000
1.779663
0.000000
0.000000
0.000000
0.000000
-4.131138
2.846440
14.550619
-9.331107
0.000000
0.000000
0.000000
5.582412
18.365771
-4.495372
0.000000
0.000000
0.000000
-0.797962
0.000000
15.101464
0.000000
0.000000
1.062865
-11.128838
0.000000
3.444892
-1.998060
-13.144061
-9.577807
0.000000
1.413888
3.635935
0.000000
0.189165
-4.981120
-3.627082
0.000000
2.392159
0.000000
-3.118242
0.000000
-2.254806
-0.547463
-7.653100
0.000000
-6.517286
0.000000
-1.537619
0.000000
-6.795122
4.974438
6.501488
6.159641
-16.308861
0.000000
10.337708
0.141077
-7.664249
-12.468748
5.581429
2.409120
0.000000
0.405267
10.004894
1.653233
9.693271
-3.202600
-8.504285
0.651022
-14.502361
0.000000
2.390076
-4.864047
-7.388199
-0.323531
-7.253875
-6.907283
0.837511
1.096745
1.057818
3.387858
0.000000
-1.847021
11.272888
0.155023
-8.465859
2.393015
-8.815398
3.350543
-0.844842
0.000000
9.918596
2.079929
-3.618287
-1.001403
9.366893
3.183330
-8.276831
-5.804247
11.961345
0.000000
-5.358488
-17.251794
-7.900584
0.000000
0.919517
0.000000
40.519878
4.954377
-9.990081
-0.958863
-5.861714
0.430661
4.712929
-0.521109
110.335824
0.469278
-29.701789
3.574627
12.922015
2.687875
0.000000
-0.059394
14.610653
0.170319
-7.235234
0.000000
6.934871
-4.986660
-19.355001
20.796355
-3.061887
-0.737419
-30.313084
-0.655530
-8.384995
-13.887871
3.139821
-2.212028
6.194737
1.844158
-14.127009
0.000000
-3.686743
-0.275544
11.415130
2.846782
-10.369705
5.354006
4.546700
0.000000
20.092986
-1.636288
5.712147
-0.038545
40.029546
6.634284
0.000000
4.889224
17.268992
-4.436311
-14.766085
-5.906981
-14.498886
-3.224326
-5.573131
0.000000
-4.384319
0.000000
-5.166950
4.938721
49.050420
-11.925690
1.978045
8.751532
69.973342
-3.149117
-5.554586
-1.290786
-16.745007
-1.241682
-4.163530
-9.419819
98.309252
49.297052
2.313120
25.821199
56.122347
3.276971
28.635629
-83.474459
-1.880919
13.301336
-32.240965
-16.559783
8.508799
-7.037612
-51.044192
10.241144
3.010769
25.834977
-22.994144
17.434508
-7.410959
11.124253
62.526971
-38.411738
5.457067
35.074139
-8.694965
209.933534
2.928726
4.130688
103.992237
-3.170773
0.040624
-7.781557
39.025492
168.478771
-7.079911
7.334919
70.831601
25.991615
-12.833211
26.102261
56.246799
217.072618
0.000000
12.997554
75.110287
66.813666
-3.188369
3.095280
300.057588
205.062886
-5.617988
0.000000
-4.187071
57.752136
0.000000
-6.798216
-17.496196
121.771720
0.000000
0.000000
25.811451
8.221860
0.000000
0.000000
-0.746916
61.253192
6.248762
1.794943
9.823407
0.000000
0.000000
-26.938473
86.725354
45.912314
0.000000
2.372007
0.000000
2.803718
0.000000
3.206699
562.442942
253.526213
0.000000
0.000000
-4.532777
117.394749
0.000000
-12.859200
591.456786
208.814366
0.000000
0.000000
46.812392
95.915308
-2.688051
4.124453
30.391416
39.188932
-0.194326
-4.153243
25.543026
101.302171
0.000000
0.843812
61.321488
93.656105
0.000000
0.000000
117.080338
271.906198
0.000000
0.000000
42.282141
82.499940
0.000000
0.000000
117.961907
-12.712093
0.164295
0.000000
22.814605
215.380952
0.000000
-4.434930
-20.626863
164.680271
0.000000
0.000000
125.972774
14.834663
0.000000
0.300219
255.005445
-41.028431
-6.110338
3.522028
-0.546847
200.921571
0.000000
4.836671
-4.809396
297.664345
0.000000
-7.449786
-30.029744
542.450007
-1.004331
3.985651
199.986905
2.075507
0.000000
0.000000
6.459715
153.472404
-0.685790
0.000000
432.893482
5.657643
1.339155
3.050604
89.476843
0.000000
0.540308
0.000000
-70.589769
217.741121
0.000000
0.000000
41.041097
170.438183
0.000000
6.985085
53.849586
-60.216497
0.000000
0.827028
13.824029
87.231671
-2.908942
0.000000
2.960005
2.028380
0.000000
-3.461639
-6.166828
0.000000
-7.635157
-1.866093
2.041314
0.000000
0.000000
-2.923526
-2.763080
49.945520
0.000000
-1.313613
-8.572078
48.853713
0.000000
0.000000
43.193585
-19.382973
0.000000
8.578582
64.506272
0.000000
0.000000
1.953437
177.450044
1114.898052
3.770480
-4.485671
-5.466523
242.147432
0.897991
-0.573060
353.966669
642.829190
0.000000
-4.589510
489.042062
-6.620010
0.000000
3.311192
-0.413131
671.792136
0.000000
0.000000
469.026113
-60.166728
0.000000
0.000000
1220.217900
-307.179156
0.000000
2.009536
689.325073
0.000000
0.000000
-1.866523
295.341752
237.843364
0.000000
3.875991
1044.830648
16.983790
0.000000
0.000000
1086.736698
13.175953
0.000000
0.000000
1607.584078
0.000000
0.000000
1.479966
1310.519411
1374.166016
0.000000
0.000000
1623.711296
1605.931040
0.000000
-5.334129
1476.382844
857.340185
0.000000
0.000000
1675.894505
1681.648473
0.000000
0.000000
732.116476
2302.673805
0.000000
-3.057499
1933.799847
156.602973
0.000000
0.000000
1746.275976
2591.010002
0.000000
0.000000
0.000000
270.585060
-4.989352
0.000000
1707.923183
2540.656253
0.000000
0.000000
537.074531
1326.547665
0.000000
0.000000
1424.656674
8.171324
0.000000
3.146960
39.681351
235.217442
0.000000
3.625338
163.522452
1462.250287
-0.177173
0.000000
0.000000
2361.257036
0.000000
0.000000
947.710756
0.000000
0.000000
0.000000
0.000000
1603.868033
0.000000
0.000000
0.000000
1132.106696
0.000000
0.000000
196.587525
1003.693705
0.000000
0.000000
2039.468479
39.142587
0.000000
0.000000
421.847254
27.481751
5.144226
-7.075031
746.406042
0.000000
0.000000
0.000000
12.615419
91.680549
0.000000
0.000000
704.449599
0.000000
0.000000
0.000000
1.134760
0.000000
0.000000
3.951228
1194.082094
-242.096261
0.000000
-7.428785
1.018825
29.174119
0.000000
0.000000
1453.592743
564.464094
0.000000
0.000000
275.489827
1019.044113
0.000000
8.680660
1319.004775
36.462817
0.000000
-11.659651
2286.774581
2039.316228
-10.330877
-0.533690
-1.202889
1915.522335
15.628130
0.000000
2001.260129
437.799005
0.000000
12.685591
7.321468
2164.366142
-4.716258
31.139577
1001.170774
621.964445
7.763919
62.108763
58.217798
0.000000
9.088569
0.347699
662.603295
34.583118
10.998335
28.385212
1113.127588
-0.730672
12.181893
-8.153902
0.575170
-3.857577
10.271673
-3.202288
1086.773346
1570.058522
-2.080818
20.322933
1203.862251
1800.405677
-4.129350
25.964935
1245.618935
1920.749245
-4.637810
26.317179
1626.994940
1560.240416
-4.677219
86.676687
946.107839
174.624431
25.980622
35.068487
199.964656
-5.202452
15.366265
117.416970
58.192279
191.337121
95.088887
190.280262
-13.427055
-1.549723
-2.378770
76.549215
-17.580654
112.726494
53.380936
232.945224
68.716599
17.007649
11.934407
127.173973
28.347362
59.711983
176.918117
41.450134
3.816852
2.436127
-9.024063
143.646025
211.685584
45.550363
203.796358
126.439663
477.994402
422.636462
176.855416
331.674711
311.375465
548.356066
198.711763
359.498996
1202.410136
1297.168989
229.383923
390.034064
60.268587
429.263740
49.398014
249.526904
803.851608
65.972671
65.176834
320.444226
902.284350
1245.497377
172.357497
13.666018
1089.206237
1695.225337
119.059304
-7.464497
60.463515
363.762730
43.627749
331.550181
82.238721
80.018513
190.425954
70.649433
722.332128
1567.550005
219.141378
354.549116
551.036416
1737.340525
200.675828
272.545401
1282.580839
1397.854432
166.159791
262.801623
559.676380
452.037817
175.330894
21.561898
831.289274
1815.837752
173.720664
292.158369
526.957630
657.005560
340.325561
146.428883
388.506875
142.298543
319.503579
318.883616
574.845369
209.507745
224.052935
36.817804
1413.726303
1054.862298
304.235124
404.475778
1533.073887
1122.937682
8.798745
97.441400
910.006617
1875.394985
214.323339
349.748491
163.275077
1175.223037
179.254062
360.742555
1637.787512
1169.228433
309.317466
316.130028
1306.632021
1502.342000
121.893388
286.467321
1229.642572
1008.929587
98.425851
185.643877
1097.194698
1194.172456
316.701228
358.987001
1070.253746
840.611493
325.354089
316.819260
37.186009
1015.059412
350.167508
588.112599
1266.345026
93.403368
605.301413
449.786947
1597.478563
999.344166
468.039362
573.274554
992.271098
830.760650
57.912324
394.249125
1817.417080
461.545312
122.657331
306.661015
1660.109015
2497.574276
223.008540
370.536717
1572.633147
60.828359
257.916443
300.690016
83.083982
135.284764
424.752035
396.556647
1263.766772
2112.698720
258.577489
286.685341
1256.376711
1279.861207
387.516380
277.650661
1544.282517
1605.560898
43.233917
112.360135
1749.547452
1632.914944
349.079493
347.849763
1247.781827
26.165655
213.458620
153.162152
335.591895
1135.214558
324.557451
433.065664
88.357773
650.143540
455.693138
91.235277
496.798395
1343.600849
113.964007
442.146295
2036.175768
126.732193
157.937455
0.000000
129.790241
902.185805
225.964643
114.962620
1933.442065
1736.336296
411.120289
496.671786
1535.762987
212.031318
158.034988
553.865738
1453.120361
2257.811814
400.481023
511.865923
1948.384273
2178.965604
317.673923
474.298818
1677.770183
1397.637851
125.358788
530.479555
1673.844456
1307.453417
437.019186
519.552952
1519.314472
1410.525124
492.485062
203.003173
25.993863
14.045190
416.243204
218.711684
1436.183509
2102.891747
488.807394
453.036050
208.708802
303.995126
332.919659
275.916658
1222.241357
1780.944198
187.158520
132.482544
401.789795
1586.883012
420.933683
217.550716
405.552026
201.486187
68.058579
7.447042
247.363407
2117.275272
163.933036
261.363039
2259.936104
2155.215347
320.315841
175.179738
206.492507
213.444317
12.640998
416.013984
2461.345540
2410.183204
420.975951
396.374074
2223.692224
1697.446259
330.283360
14.795278
2326.283795
1999.214203
534.402939
582.726704
240.928034
1011.217207
727.225137
561.799610
412.923951
1340.545986
474.556398
429.000763
1725.816549
1970.479471
651.254744
148.198923
1174.917401
1010.193490
723.828156
139.295621
593.174613
1903.709259
789.452878
623.627448
647.001835
1564.611651
669.339861
694.011608
1743.505501
1852.844001
792.142528
374.778731
163.562867
2106.927033
724.574687
596.732498
2045.795190
1853.507407
503.314995
711.121825
38.512530
1005.072983
795.016613
639.854010
2139.078454
8.920514
628.214282
628.711146
1891.623068
2369.942742
660.122851
630.353683
1909.194823
2742.266848
782.876242
726.470341
1811.347171
1681.639429
616.102049
218.973396
46.776086
206.649245
618.145449
752.323557
1874.512060
1712.541151
794.344269
715.830175
2052.208319
1554.692315
246.362980
621.563483
1593.041113
1913.798379
790.407277
634.358496
233.372573
997.867039
685.406625
853.696387
2109.041850
2304.818776
721.005359
529.120871
2119.305430
281.728600
287.869062
672.141900
289.272439
607.588004
772.214094
929.470587
1235.921681
2130.932588
639.787831
756.939193
1067.302819
2.126975
743.047395
910.394146
1665.490874
843.990186
730.011822
863.633185
546.610663
28.553107
1062.275786
159.446992
1155.021442
28.766136
879.544500
165.314087
1579.165535
314.563429
246.232371
1025.233446
486.623121
135.655092
723.286135
1014.636388
1665.574061
1558.398335
664.215433
541.953214
1287.602775
1386.274125
104.101365
221.415315
1452.382086
599.113332
881.967234
380.471838
1170.545160
69.586163
59.806142
14.022526
1572.155833
1721.540927
73.986412
697.687787
827.318349
605.787337
581.226293
651.562503
1650.445265
2577.157254
584.775878
535.087762
62.872632
177.946458
423.498549
1091.628855
2646.900530
2640.057828
383.280495
185.373803
2149.895383
2459.102047
1049.810924
63.975940
1280.715287
267.023157
558.460675
942.346182
2114.170781
2261.980975
774.892250
807.408029
2241.674831
2731.413090
836.916911
833.906091
561.841054
397.001127
405.752885
901.920080
1529.863848
2506.684973
920.723882
872.591207
165.595009
1519.558244
834.176214
907.805375
2008.411742
2373.545205
1080.491085
281.465858
934.845358
2599.952670
785.166431
855.620923
2315.281290
3091.951054
824.564248
948.795620
632.680069
66.758014
860.747817
953.443158
2274.423416
91.427434
494.381259
39.074622
1780.134648
558.589869
683.609033
961.827737
1950.447479
2512.854128
451.564189
29.073564
192.543107
2467.501273
29.380080
625.076225
48.859622
1801.158571
647.321970
204.143967
1828.704926
248.633492
221.572170
758.325121
65.032982
303.889471
76.268901
788.680267
83.689303
2064.448727
976.236546
242.156119
166.420658
228.468505
141.973123
809.808206
2040.556388
2348.173343
83.906900
724.617299
2142.750786
2563.841113
959.126360
768.574324
2410.600719
1234.969120
427.460143
811.181552
2093.516317
2338.211511
809.433102
44.251039
1719.851839
1945.159472
1176.668857
784.501624
97.065884
1658.044980
936.615768
930.043404
2052.408929
1869.379617
350.869548
376.829411
360.053051
186.319938
201.455510
349.465083
1729.811981
2372.155377
614.592888
864.634341
2244.410228
1846.096970
787.684615
222.170164
82.263362
1215.965349
507.607197
697.901360
1067.959339
2698.138902
1007.580473
878.288515
2352.367530
507.263938
159.258375
873.451608
2079.681211
81.714302
847.608742
912.282533
2123.363542
2747.285465
582.200344
246.328357
2399.522041
2208.619415
944.182002
738.779387
201.878082
2056.890514
842.128778
981.341574
1891.169575
2580.228190
893.847669
45.717005
1508.904499
2720.433527
552.820380
947.182660
1808.214129
2249.029151
992.585917
969.424316
1258.020107
2401.196515
954.775818
660.918978
2419.011352
467.105272
206.832416
1129.071718
2003.044831
1918.262340
861.360761
310.160723
824.380396
2951.557623
1267.620417
1023.776568
2369.207678
152.235490
701.227863
1174.062689
2046.811545
1945.305690
860.392489
1391.325001
1323.544158
2773.829700
850.354753
155.672539
1135.970491
2401.261277
755.281140
711.678534
168.762215
1008.721703
219.135319
1210.930556
2261.183261
2051.736697
258.436335
775.816324
2152.252105
89.128527
818.120686
1108.888639
2569.382843
1403.516794
69.819004
646.055355
2478.048595
2759.512562
1120.917098
852.295325
2493.940503
2031.505309
1693.287123
1288.246344
2614.985945
2874.216002
58.180296
1302.393026
2068.427217
2602.309386
1552.972837
1140.978609
1936.719562
2470.525998
1171.450794
1411.716329
2468.477686
285.987499
576.966175
1082.291797
2087.963481
2849.500236
1290.171496
97.394927
1201.816225
2117.619112
704.320375
1121.016524
2350.502446
2717.629542
1166.081186
1155.317137
-15.495814
504.529676
142.033993
705.528273
2293.756602
2913.045236
1305.228037
1583.009286
2645.903356
2906.151035
1395.556858
1516.979469
3172.379330
3031.139142
483.616855
350.637651
2384.989562
2799.019879
806.431943
1134.203014
2432.149569
2683.149539
1273.638777
1000.078629
2670.250250
316.336161
210.017107
20.610079
391.381147
1154.167527
1114.837325
1075.842543
399.105009
1890.032193
633.457953
821.216175
2381.774290
2563.843131
1310.067904
585.959089
1002.893221
2456.387866
1563.300419
645.736182
379.988902
2581.847433
1256.770559
1465.537813
2445.257928
538.808996
563.085535
1544.788428
2555.941552
2851.498159
1450.949032
1431.488449
554.157321
423.039849
746.091839
93.997790
2602.641700
3123.411694
1524.089132
431.083653
1180.470704
2792.115377
1729.795447
1575.784972
2030.802669
930.913680
79.046880
1522.009348
3097.340087
2960.753921
1213.289981
1688.858619
2943.627018
1872.723118
1457.674485
1915.344002
3069.355526
2633.733468
1732.945231
1830.270080
701.457766
925.548648
2064.842478
1806.226041
3062.982595
2596.766488
1289.668707
1590.617601
169.217737
2488.830564
1474.291160
1611.482068
3028.168367
3079.551457
1611.372115
1648.610306
3154.939643
2984.543632
718.717605
1593.403871
3043.828033
1087.812466
1055.959012
1902.354666
999.507560
482.972951
1863.871404
18.598983
2817.259308
2944.318784
1858.534119
1845.839124
3182.212650
3122.107812
1835.948128
1606.708674
107.933051
2400.567383
1924.319963
2236.591829
3467.049893
2569.016928
2112.644938
391.002417
1946.125293
2916.522829
1711.011334
1702.477829
2834.135993
3031.647154
1395.127542
1093.587480
1987.708056
2978.309353
1710.143543
255.540045
935.644010
22.741760
170.133963
1942.233760
1054.254827
1185.534708
2109.118518
2101.866291
3061.519971
2771.194276
1982.549992
2186.586970
3252.661313
1292.129951
1888.881722
1825.423439
2683.183856
3267.599736
2058.677977
1849.848641
1291.419693
2603.121196
1713.420688
1859.921646
3278.429228
3304.947593
458.406956
7.221494
1790.850319
2941.265827
1728.711917
1584.282622
2947.773296
2971.629198
1892.830932
1945.156566
2858.344249
3218.720395
2231.214901
248.081074
1836.079002
2982.112283
2245.836594
2467.196474
1956.674569
3155.918502
1240.865377
1987.015669
3380.991944
3307.701149
2013.535529
2087.368812
3411.950045
2493.707332
1844.061543
1211.844821
1433.363593
2740.491825
2013.881629
468.711593
870.252725
3152.008456
1928.890028
2244.734501
3268.716965
1892.244824
17.181177
2046.558722
3178.875054
3091.882219
2191.795900
765.988064
587.318221
3244.190989
1685.525191
2348.257518
3385.788817
3115.992991
38.366007
1875.837000
3544.340564
3125.504108
2163.207922
1896.465293
3721.429022
2992.083713
2488.997390
2355.449048
16.941976
2913.706626
2294.441642
2429.443344
3600.433132
1659.539590
2370.578449
2249.891819
2886.092331
1117.377870
769.659873
1909.009017
3090.170838
1819.778764
1862.398484
2119.584234
2965.264264
1388.715983
2161.628764
2702.555629
3024.239851
957.938372
631.502282
1732.211688
3057.816577
2494.369781
2577.580846
2743.858143
3227.301988
2972.130682
2661.279972
2660.744774
3289.547969
3252.140663
2615.389940
2395.204849
3874.817553
3276.734920
229.809794
2532.024702
3422.103457
3098.927029
3031.789490
2519.744879
3470.467914
2332.594990
2199.837554
2656.635814
3685.742226
2820.447500
145.986365
976.951587
3699.882209
3154.607795
371.847954
2620.200925
3542.031267
2843.433723
2476.655345
2740.490342
3659.420280
3655.370466
2806.237265
1401.916793
823.772311
1459.088638
2462.002297
419.688404
2230.821319
2459.369327
2749.975937
2438.787018
2984.112627
3147.160432
2348.504422
2639.188301
2206.799228
3408.415543
2306.554243
2588.879298
2164.833680
3061.290114
2739.126243
3152.641903
3294.426942
3428.733475
1892.577817
2466.186322
3662.974043
2194.535484
2545.754773
458.014942
2066.869741
3143.645047
596.954208
1420.049546
3900.702354
3349.039948
2637.513408
2584.781905
2515.096748
3345.736337
3040.719014
2520.003392
3056.912961
155.491061
2373.814117
2791.405453
3282.742373
3148.734959
1581.429806
661.324545
3121.030773
1038.129984
1147.211677
2750.622345
1921.267101
3120.869443
1513.017254
657.111351
3846.710624
3411.647378
1284.006747
2593.643402
3722.965891
3313.933964
2473.702661
2156.331796
2282.581159
2969.788340
2699.612187
1732.766724
3092.236791
3440.748719
2502.190807
2994.728393
2130.083199
41.702804
2876.925724
2722.575365
3893.374237
3166.548688
3185.047573
2760.406076
1058.009707
1298.769502
2939.306998
2515.107999
1940.837529
486.050171
1538.698422
2724.211534
3003.619595
3106.209901
2115.246500
2701.051187
2945.432434
3051.013531
3008.435760
2342.599263
2185.642161
2691.007929
2658.677270
2267.369863
2178.568306
3166.492350
2442.978485
3217.058145
3416.268437
2947.429040
2891.519736
2928.772259
3244.467604
3106.508793
2960.297145
3503.109113
3633.534404
3072.817234
2671.257812
3173.100526
3638.546628
3225.124396
2637.990785
3078.737779
3102.099117
2920.486646
3329.129676
2195.980794
443.591153
3219.115839
3334.868122
3371.188597
3577.502364
3380.035210
3269.473742
3000.329446
3987.184852
3516.005233
3886.907362
2140.493698
2970.554634
3486.326413
3306.086736
3270.123169
253.515181
3022.281751
2465.854660
2882.742072
2610.671408
3377.498595
1789.030734
3255.075079
3522.190044
3151.407542
3142.557709
2472.897074
3367.892113
2959.235806
2665.265793
2550.814657
2264.862057
3351.720272
2771.572845
3093.262420
3228.230236
3240.792265
1797.251801
2803.577078
3318.247478
3357.023520
626.992057
2338.190702
3126.830588
703.040150
1168.051134
3083.385503
3841.107264
3943.585374
2975.422157
3414.960533
3614.341894
3558.700976
3412.759707
3084.220510
3745.718993
3885.580398
2313.300439
2789.985587
3411.121736
3377.380706
2832.412459
1505.946636
3464.237990
336.842641
2888.263150
3308.424891
4084.961679
3601.889207
3034.695645
2028.441594
4049.888570
2076.335629
3134.048168
2495.961145
3542.139183
3593.357874
2801.220938
3379.197415
3184.192521
2652.353428
3615.081421
2210.004015
3025.918056
3001.151814
164.628286
2193.898891
3726.029104
779.391700
2442.079729
2740.353113
3384.764594
3330.414629
3006.216204
2782.008177
2810.793868
3641.208921
1976.157875
3073.826488
4107.541704
3216.833923
151.409163
2422.005144
3506.554060
603.996355
2555.445346
2555.601396
2880.428088
2938.915246
2854.559483
3133.232927
2849.365847
2910.067091
2476.991458
2667.702050
2750.534905
2981.415605
1995.540461
697.496918
1029.687839
3059.400682
2418.015784
2542.323014
3222.588485
3006.272623
2480.521433
2979.045481
3065.069390
3136.574622
2087.033337
661.104767
57.836384
1890.848737
2177.517015
420.572365
3012.637315
817.493571
1809.182552
2977.261833
3624.612905
3438.448367
1565.158556
2756.821993
3196.121105
3738.483106
2698.404148
3018.673619
3226.149858
3175.689129
3422.274884
3170.085023
3454.836287
3333.218810
2985.337696
3134.224194
538.514676
2743.099220
3696.326105
3472.567752
3359.688017
2780.867495
923.157790
2045.153696
2422.366545
2877.794571
2923.665629
3409.510535
2862.774654
3659.833678
220.841673
793.307004
2151.035009
2896.289387
3152.775002
758.068718
2380.190760
2054.519327
2828.432049
3419.125485
1171.526488
1692.408121
2688.255986
3361.108464
3745.583357
3039.968527
2748.337039
3043.078936
1766.318649
809.027234
2724.094449
3443.315450
3325.881900
2697.878036
3220.105365
3566.466319
3657.821738
3441.245834
3417.769982
3479.849309
3730.943508
3051.104290
2613.075393
2620.956693
4048.472881
3406.209463
3519.038933
2961.887520
3880.555698
3191.691406
2211.217779
3060.467953
3223.734690
3360.880035
204.837671
1344.740706
253.013487
3259.878011
1733.569406
2957.948048
3076.871499
2932.160830
2838.876365
2397.674665
2495.490947
2388.637566
2638.419888
1752.800799
2606.965587
2229.567457
2474.187360
2733.000707
2691.349398
3061.661163
3141.372258
3168.084344
2638.906363
3208.571948
3669.972701
3609.796352
4130.309325
2928.890959
3160.598198
3305.001962
3446.715753
1206.228622
1483.770950
2905.947643
2836.117111
3392.231098
3693.603726
3573.512772
3303.437059
2244.798871
35.445537
3387.331998
3703.981667
3310.988415
3119.013027
3351.011426
3958.143791
3471.947112
3904.590930
4289.281135
4061.949434
3475.165320
4068.553484
3946.237100
3991.779490
3356.987120
3193.991991
3647.104090
2442.327746
3549.991578
3779.173245
3985.161335
2597.817461
3208.552122
2603.381501
3379.984085
3752.833753
1068.293318
2547.629778
4186.944771
2794.445815
3394.890895
3572.562596
2627.708207
3927.879739
3055.160065
3194.187855
2599.605693
3842.299071
3548.566392
3565.001678
2643.251639
368.838290
3405.158982
3828.358881
3754.045311
2484.222122
2946.524331
2697.975357
3827.648806
1872.820877
893.105809
4572.565404
4009.336742
3628.172132
3193.225843
3753.998505
3193.122707
3145.766142
3199.166468
3621.376012
465.813209
2910.347558
3229.581375
3757.924216
3328.678137
2961.678226
3247.003415
3731.686288
3728.658628
3401.018874
3190.668490
3691.763003
4010.342454
3462.158790
3178.980213
3441.185964
3785.303371
3551.600799
1987.642301
2390.764356
2938.130223
2385.904751
2557.490983
2545.821337
4472.036135
3918.621799
1733.572484
1186.479899
2328.449262
759.516956
3780.692209
2497.360026
3033.715284
3303.751946
3814.807222
3458.480216
1317.309382
2140.515618
3423.558705
3326.830722
4000.790849
4406.384152
3656.417239
4025.289952
3797.507571
3990.201474
2633.307450
3448.601571
3813.744793
3904.588563
3182.814143
3746.292429
3295.319277
3129.647273
3211.952456
2237.017520
3562.833076
3909.395724
3519.296668
4148.794046
4217.791291
3853.639206
3624.957653
3760.123898
3944.552752
1649.287134
1145.515436
3918.538492
4237.225364
3398.993669
3561.574936
4083.256652
3658.641165
3711.943975
3312.815518
4530.224822
3052.482194
3801.218125
3514.629277
3984.908735
2296.962406
3818.436124
2957.604467
4097.072082
3159.107502
3437.892954
3707.699393
3948.315139
2725.524142
306.234131
2985.733829
3198.310897
3424.450476
3347.312387
2831.967125
3490.590716
3482.423718
3318.011687
2122.287558
881.779432
4579.393748
3486.053719
2822.094238
3307.969009
4418.092107
3338.783379
2990.561758
3317.752087
2604.728973
3603.235348
3099.236795
3675.611598
3599.561926
2569.712401
515.429153
2977.717064
4358.423146
4134.416785
2787.079290
3987.907712
3837.186538
3840.906323
2515.760680
4135.023017
3812.489312
3529.877662
2932.207544
1264.674986
2630.117469
3324.036889
3677.431731
4345.209042
3779.974458
2708.538554
2963.879535
4242.100377
2918.881432
2977.173966
2969.205460
4320.083508
2642.948963
3288.979343
3171.079858
4118.007976
4013.918308
1888.386670
829.565665
4466.756756
3718.936222
3419.991635
2971.989945
3852.743519
2987.973123
3941.912167
3294.128529
4346.153143
56.756006
3243.874812
3760.816602
4382.800463
2752.281989
3806.906765
3293.114066
4241.526299
3671.057955
3556.924626
3209.736532
4347.635320
6.158510
3495.039952
3180.731873
2752.877243
2029.567290
3288.046503
2999.728139
4025.123728
3948.181526
3478.949151
2866.728066
3377.107708
3998.207859
2514.167263
2862.472521
139.751960
3804.225115
3723.066147
2420.525236
4125.736452
267.482768
3244.616495
2434.398854
4049.760598
3663.830467
3582.728653
2884.599779
3899.070883
3223.419802
3289.308789
2836.055754
3548.120207
3902.380731
3590.125084
3210.853618
4073.118542
4003.904216
3451.517805
2817.729232
4191.587173
219.040692
0.000000
2303.916037
3888.713127
3854.004296
1900.573773
867.006466
3902.018548
4185.328977
2835.489474
2670.401604
4521.814364
3494.435646
2706.665154
2378.204587
4558.995602
2150.654760
1017.057527
2703.136739
4247.080433
3676.250943
2592.920374
2446.428794
4742.107886
3602.660256
1941.280038
3379.756488
4251.862113
3029.065995
3585.936492
2651.278625
4318.552343
3385.288641
3736.777412
2553.346822
4591.596433
3713.550161
3318.470430
3238.227300
3702.432405
3868.565264
3318.723711
2885.040429
3727.567773
3740.234898
3499.682223
3612.600155
3602.873243
546.821222
2674.563991
2048.813785
2277.765777
62.665690
805.309574
2612.184956
3619.428800
3117.309864
2318.416052
1695.432468
4019.029388
2467.443141
2161.042337
1902.981055
3900.245850
3279.083527
3163.573729
2359.384616
3089.521922
3430.578448
3379.260144
2199.809731
3847.472251
3513.167691
2763.359107
2272.100302
3116.829631
3805.516414
1444.555709
815.426421
3848.587949
2865.871776
1606.458863
2565.939403
3821.584285
3672.917142
2049.318709
2750.851799
3935.666031
188.894031
2000.608305
3362.165712
3787.369748
172.854451
3024.977040
2802.482080
288.350018
1198.841648
563.749165
306.188539
3591.464677
2736.282267
3051.691752
2083.171071
2237.942343
495.675095
688.993827
1375.734484
2459.900714
3920.205388
4113.108081
3018.282584
743.194816
3132.887032
3594.510364
2958.032771
3123.248395
3368.013086
2077.871679
1883.701107
1859.181816
681.527296
3071.682849
2693.183711
2579.006890
2357.080824
3058.525809
1986.464772
3298.486277
2549.834769
3286.600376
3070.731602
4143.978068
3510.421287
3620.896824
3059.128319
2277.138522
2695.601058
3323.123384
2304.953936
3633.946126
1726.092640
3602.925833
2761.647739
3890.752492
3453.247328
3441.661794
2826.368933
2546.315182
3964.335509
2248.233516
2980.705506
3286.574426
4073.510241
3228.133619
3253.585217
3882.510466
3600.029982
119.734917
2758.122345
2570.033871
3505.499555
2955.456167
3273.688120
3915.286886
3338.911439
3779.082752
3084.117643
763.673564
2432.948190
2527.715494
3072.552664
4410.323855
257.440867
2887.967748
637.645910
3261.298894
3272.593836
3743.261889
2866.468961
2208.817945
1818.894520
3692.164132
3044.551079
2461.457944
430.833330
3344.765395
529.875083
2426.392109
3997.691238
3259.372344
3434.170954
3048.268113
4149.548046
4055.225691
3295.639694
3323.173320
4348.778041
3756.284556
3299.438908
3669.087414
4241.409442
3568.819746
3027.068626
2506.088823
1046.894829
2667.796237
2978.103071
3398.024592
2686.552234
2995.689480
2450.679126
1694.542425
1861.937897
2170.261669
382.518167
2306.826278
2526.259305
3019.774549
2284.049583
4053.011753
3383.997211
3593.640659
2706.997953
4150.592282
3898.258803
3302.668178
1782.543516
850.910871
3049.316841
2659.608221
2761.292309
3834.298306
3924.010837
2883.484443
2587.662898
2914.935491
3198.284492
2500.564931
2188.848424
2354.594954
2087.169521
528.298380
2967.827116
3853.321511
1057.249028
1745.240631
389.938695
375.432826
2581.174985
2612.297019
2710.864582
1354.455597
1084.519817
2497.447915
293.996097
2289.155542
1627.135506
697.618221
3300.135361
1783.943868
488.877612
2663.698669
121.846388
1796.534083
3692.381220
2909.203796
2612.935796
3538.071185
4033.927572
2522.217439
2934.261500
3753.143105
3443.789823
3246.373073
3060.123782
3837.448050
3937.438226
3871.873919
3414.539774
3162.062838
4801.993302
3386.263262
3884.714744
4455.286282
4971.640032
456.440480
3092.453457
4305.122334
1555.789069
1764.320089
3245.996676
4246.007299
4228.846271
2072.569772
737.978404
3723.838715
4628.069676
4394.057324
3251.608223
2925.284145
4432.824025
3676.961247
3312.296770
3870.922774
3754.459374
3748.173504
2810.701300
3871.758824
3745.051661
2428.094415
91.415460
4002.440484
3853.026590
3569.376003
2854.730009
3217.016068
4121.177692
3887.820798
3478.819687
3872.093271
3819.824975
3618.422798
3222.179212
3732.012484
3601.202180
3999.451801
2282.169239
4143.421376
3652.071078
3442.720638
3081.486414
4749.741398
3995.586377
1322.826071
1371.201772
4783.203338
3904.056293
3822.626082
3533.868851
4094.354179
3444.764534
3813.285420
3765.122221
4619.330757
3759.945255
3903.422172
3648.185089
4219.271200
4350.746897
3896.726689
2561.457626
3459.201822
4748.355055
274.892081
3477.075856
4562.652690
3940.791387
3796.439513
3285.837746
4071.076569
3648.026659
2468.347356
241.908815
4670.477911
3572.448513
2688.239802
3500.033958
4518.374009
623.671194
3550.047175
3127.758039
4690.938069
4400.910267
3333.545180
3778.836196
4008.876392
2305.193919
3831.739887
3293.021021
4217.888665
410.856988
3693.304634
3326.702812
4483.676710
3816.814037
782.610934
2161.494205
4190.024226
4312.783841
3814.909926
1463.832016
1824.689576
5082.860479
4420.587848
3515.212825
4381.049117
1353.829879
1902.588654
2991.409965
4948.301883
3653.384223
3879.444234
697.457692
2742.470209
3903.478817
2460.005863
2612.570119
4320.416304
4243.017478
3895.780081
3401.723213
3998.934261
2172.876095
3600.155675
3105.152655
4687.337212
3948.920065
3304.291176
2831.330196
2301.876383
2634.620562
3847.875206
3041.267415
2259.895623
2655.852757
50.495336
50.385087
3358.299628
2553.612072
291.849766
2602.340420
2319.434063
3723.842505
3511.804071
3065.909838
3991.571021
3708.768129
3241.692650
2900.727931
1728.385303
1502.857890
368.454999
2653.869176
3906.841164
3810.352863
3780.931885
659.821592
3067.190999
228.032796
558.090186
1055.167892
953.632219
4357.966066
4219.463363
1523.034606
1514.702343
5086.061405
3873.231403
3458.122413
4388.701361
4348.794691
2943.235885
125.191119
4105.823901
4335.061493
3955.282497
2709.043784
4728.400943
4217.335706
3666.499130
2621.208163
4605.091782
4982.525269
3225.919181
2420.505633
3349.373003
174.611679
2914.850859
2516.279356
4005.712973
3749.266582
3127.624508
2674.525639
4019.293553
4063.340485
2947.250762
3784.003854
4681.841207
4461.386489
3078.824782
759.388707
2979.484321
4254.903364
3909.219001
2666.584508
3667.715934
4284.352885
3035.506686
3652.296331
3213.586227
4085.028699
3064.716755
2541.815751
3915.187873
2248.612909
994.641362
2549.266463
4387.900059
5043.382165
2989.911084
2769.823073
4368.870585
4861.863183
3196.242138
2557.971974
38.710507
971.730043
2397.860102
3014.439858
3603.503803
3277.257393
4154.858851
3089.081704
4676.530369
831.418221
1569.958159
3037.969115
2913.942795
432.445376
3310.030042
2066.287212
4352.748733
1012.215305
1995.861948
2630.248274
4374.188317
2031.232795
771.528167
1670.674330
4316.038946
3265.848681
2849.092381
2678.167837
4212.255702
93.606989
3248.434575
2170.853742
4527.316108
4308.204684
2847.120563
2715.723550
3940.775431
4217.377331
2988.071031
2895.651230
3396.011217
1454.513507
1436.080358
2473.394433
3270.031599
3596.553179
3596.137260
2946.243688
3238.720310
3546.556623
3508.456906
2380.599449
3236.116900
3814.539246
3506.953782
2751.746881
1064.874675
2477.494945
1774.376519
3064.434574
2468.642434
4061.125781
3944.789098
3550.066661
2530.536625
298.685257
4344.430843
3390.217041
3412.787425
3837.599958
4426.511503
3280.875669
2812.706412
4319.155534
4221.750775
3567.277447
4650.537571
3901.563004
3202.498068
3298.844005
3125.192444
3983.839898
3638.069261
3026.834660
3047.699954
3825.788497
3172.182502
3480.213180
3387.686910
3439.324684
681.893071
3018.223300
2448.378598
4459.664868
3994.726060
3653.332011
2517.673017
4273.825695
3384.862263
3172.817515
3200.493052
4125.272968
3848.013195
3977.083140
3680.175280
2284.209840
3699.740884
3428.272876
3800.701360
3750.900065
2536.135833
3568.923890
3608.111701
3878.525177
3229.634505
3086.344044
4348.232198
3797.127118
3523.145748
3054.447700
4137.448227
2730.751603
3143.815001
2841.879800
3865.239210
2896.871085
1716.547363
469.987214
3932.869000
2835.377125
3281.719188
3022.235977
1552.128094
1844.069482
3149.456047
2963.205924
3186.834989
3379.114812
2568.924305
43.400580
3031.271848
3115.376959
2426.398879
2567.428629
3437.939494
2891.678617
2772.097242
2586.607943
3253.562309
3582.158237
2880.273364
828.153249
1901.281319
3609.907017
3082.407984
2547.606410
3376.159006
3806.742104
2653.799196
2852.025386
3253.641041
3678.501798
3361.669689
2970.105408
3405.626017
3635.470809
3174.203165
453.646995
2808.573290
2174.295120
1024.748611
3097.529623
3591.385287
3670.804885
389.212954
1816.526209
3740.844185
3634.952274
3288.336101
2898.439403
3847.691087
2115.374393
3389.450892
608.935827
2883.844577
1853.142049
1229.885783
2391.843205
3933.900394
2069.125614
3506.536335
2984.379096
4023.020383
2856.479609
3340.603557
2940.950862
3990.247165
3012.487077
3472.155602
3150.527893
4126.430611
3439.370987
3775.711283
3247.517205
3333.321820
4173.875979
3455.300659
2916.481154
3448.754859
4104.106781
2623.003402
3404.558415
2046.941057
4398.499842
1585.735520
966.274854
3190.518001
4207.666541
4204.568093
3568.446505
2677.464204
4422.654180
3664.884264
3750.815455
3143.913059
3917.486747
3488.468162
3249.131277
3887.913438
3501.183860
3374.025991
3227.662865
3379.357441
3146.975711
3467.781966
2720.744627
390.224845
3842.698082
3410.687520
3237.247854
3534.366800
4121.919194
4057.341524
2718.606040
3871.810025
4145.968627
3717.311406
3242.087787
3783.228916
2941.023121
3484.443387
3319.468027
4196.261917
4095.052954
3836.693274
3149.904235
4286.858555
2336.586572
923.271465
3262.120674
4006.646327
4122.028740
3739.348672
54.320315
301.946623
3652.616475
3478.662317
3262.459923
4204.056984
4305.805858
3774.705712
3889.799440
178.135160
3961.489926
4372.332217
3599.951811
4327.920250
4258.952701
3663.209384
3266.883545
4331.732787
2770.652364
3912.303639
3355.127691
4287.188835
4086.442593
3657.377438
3426.774311
3525.866960
3845.835229
1053.191322
1362.563524
3778.001938
4266.192237
3722.532000
3616.365872
3834.328189
2146.901456
3142.021878
3246.806234
4251.212452
3626.827879
3406.672235
3403.524460
4287.841311
3468.025776
2873.843596
3522.712961
3937.692984
3514.447265
3364.007698
391.848600
2893.773788
3306.769631
3543.826984
3228.841980
4196.056708
3650.255048
3487.871910
2891.745062
3661.572774
1403.823455
1667.391022
3295.071515
3208.650753
3307.019240
3264.965367
3009.839693
3513.789658
3624.755465
3477.492232
3171.112664
3582.062441
3446.285313
3264.319951
2770.025775
3996.004318
3790.578093
2440.067082
2987.572782
2905.399440
3700.705867
3071.980737
2805.314908
3546.981891
3042.331716
2962.438169
2617.788252
3192.892059
3365.890530
2949.963129
1064.766635
1867.785028
3540.434333
2742.425143
2913.058482
2913.148394
2090.662992
2364.799048
2508.712884
1015.155143
1802.064789
2260.454002
2835.906219
2985.115427
2725.739471
2963.292970
2583.321239
3560.259278
3339.562707
3195.500931
2462.375678
3567.425913
1253.027736
1653.798147
2512.923058
1974.583576
1169.528542
3248.924653
2952.251615
3604.179065
3236.136934
1939.363840
1916.956196
3852.797162
2509.224528
35.881554
2359.726755
4342.965034
3058.146771
2786.215678
2360.844507
3977.859668
3053.848758
1667.862755
194.467857
3824.822070
3857.562174
3070.204981
1706.153851
3609.788997
3434.873756
2006.688751
2460.884825
2702.770959
2302.410614
2596.582299
980.381768
2011.708007
3920.574726
2345.908204
1929.433886
3158.922234
3449.703118
2330.275834
1843.070573
3531.040627
3559.501389
1800.203434
2305.897804
3627.204496
3126.867451
2357.017738
2208.118403
3343.439041
3493.500515
1014.153635
601.986001
401.992584
3555.699776
2529.211237
1980.847208
3661.573185
3195.930772
2466.136152
1684.451925
2825.893688
3543.854867
2332.426546
2682.193936
4095.425949
2653.625074
2363.279608
1848.088690
3985.496964
2990.178242
2075.346890
1609.216979
3115.048192
3317.451389
2282.228015
1957.100316
4082.453258
3235.819374
2388.198741
985.319003
3345.078559
1708.915634
2704.551216
259.340916
4574.613407
1739.969708
2914.322291
654.932265
4929.211180
2248.144671
2947.973391
2851.600866
4072.915524
3287.414760
3401.478684
596.031101
2878.057013
3760.879840
2930.090740
2077.850811
3932.762274
3492.437077
3170.848536
2455.760765
155.608724
3390.152630
2837.132489
1674.664770
4209.397360
3824.294690
2833.626086
1768.847975
4131.875230
4311.809153
338.007791
2307.368475
1079.806418
2424.247756
3119.318807
2400.368177
3979.533529
3767.950194
3267.301695
2577.300899
2577.290418
3470.110161
2643.912653
2426.889062
4108.327839
3798.838809
3042.336466
1212.198910
4261.321949
3463.330533
2626.928090
2326.645911
3964.669648
3517.821883
2780.649553
2000.889233
671.764998
2476.486840
2787.649859
2676.409198
3854.932801
3247.573470
2208.437764
872.733351
3982.642847
930.146623
2022.598374
1179.740830
2351.738490
3654.283600
588.025737
302.271162
2487.106944
3387.427202
3071.520978
934.026901
4161.940687
2754.186483
2738.466605
2387.128204
4091.047634
2784.552885
2768.758732
2508.460580
913.813299
1318.532590
3541.036748
1087.475977
1750.989973
4031.804484
2945.928712
1073.153311
3828.153417
3791.279475
2962.797938
1841.886922
2851.351268
1441.689521
1748.271399
2335.971060
509.269137
3355.583985
3028.086969
2624.755711
2492.654159
3962.020381
2212.444092
1388.778863
445.303178
3687.683097
2913.253297
2524.515258
2403.649698
1822.371702
3100.305048
1892.903646
2874.175197
4408.114711
2877.321761
2628.498839
3114.267954
4526.402660
2200.402663
2878.206266
3422.510973
1878.487276
3053.244261
1601.003674
3729.774701
4200.435712
2994.857825
2456.502672
253.572598
4203.381631
3546.828682
1045.758804
1769.677430
4297.482164
2581.049547
1721.276437
1100.431200
4080.313084
3680.806475
3362.246377
306.463101
2724.213203
3461.727417
3693.575486
1127.200249
4353.208671
2783.324447
2782.247263
2713.845366
3446.029971
3327.900899
3144.487241
4076.194533
4007.552496
2649.299013
2861.445231
3659.156025
3953.451355
3682.490867
2272.085799
3522.291021
3671.003730
1025.154106
1676.802671
4168.750221
4180.673745
3587.707032
2549.958917
4191.581275
4377.452676
2693.049893
2243.989368
4727.483764
4617.560392
3911.950312
3083.131840
4312.473169
3853.018707
2765.010362
3048.466181
4682.414676
2877.636976
562.315499
3076.419928
4609.394014
3919.862836
3225.541980
2518.269236
4713.267642
4199.673901
3659.077644
3372.157820
4625.865551
3662.051022
3666.641908
3333.852008
4395.010271
4468.032710
3384.900863
2745.599341
4258.160443
4509.097979
4159.260468
3158.690133
4266.276152
4851.773285
4345.635063
3125.541094
4843.918075
1111.945127
2744.350399
3532.531088
4566.470253
4470.536579
3365.625806
2482.232327
4391.117776
5058.920083
3802.486210
3226.376135
3820.130593
903.558678
2729.549882
2626.037249
4188.296119
3513.796940
3402.096336
3046.459819
4335.680300
5049.592681
2642.759918
3131.603974
3915.895101
3865.554527
3721.824668
2842.900963
4789.255309
3869.452365
2630.980531
2589.403398
4625.577688
3636.401058
3407.402888
219.876543
4703.988348
2551.711287
2415.176555
1778.294791
4955.021139
3723.644921
1368.907531
287.219169
4484.241560
1406.708366
2122.950341
2935.059773
4121.410570
5259.080226
3624.815857
2838.609776
3466.550510
1861.960285
978.042245
3105.527329
3689.964745
3163.079471
311.487657
3014.011711
3968.849455
4644.679043
3566.501868
3426.326866
2483.563061
793.095662
3886.160502
2421.609488
4544.270252
4465.384465
1192.398181
1141.037036
4097.304367
4300.098407
1915.944119
571.563819
4383.971409
4383.232535
3626.127011
2122.651521
4470.375395
3712.953870
3592.526785
2132.707010
3911.948397
4404.873411
3367.315015
2155.025897
3820.531089
3399.274526
79.695089
2378.552740
4136.412552
4406.272400
3409.309768
2462.266732
4393.988355
4122.019461
2964.767509
3061.577814
3507.881462
4817.122756
3934.309983
3043.535325
4047.454654
3095.665301
203.951526
1928.135499
4377.339818
4384.449169
3865.131658
2721.931022
3786.090354
2135.188250
1315.388032
3033.676357
4179.272621
2895.191385
3402.850878
2923.724464
4113.169356
4032.838044
3681.658718
3248.996754
3808.506973
4275.549130
3556.204930
3093.540919
2659.778474
4257.548054
2587.549475
2477.841236
3902.550652
2635.532289
3557.473383
3022.075011
3503.375111
4691.602098
3674.604734
2919.314064
4359.867775
4521.157206
3671.532096
3846.254974
4061.311775
4804.708841
3901.086942
2683.469476
4003.561072
3369.355932
3380.571724
3421.049227
4614.297883
5178.537296
3445.180078
3038.460740
4519.749173
4551.850897
3684.580603
3406.709794
4746.526870
4609.755819
3083.862053
2329.007780
236.546984
2853.835502
3395.102120
2744.101896
4625.231105
3592.891345
3575.776581
2998.626389
4793.580918
3847.522952
3281.006524
1663.157075
4017.983337
3877.070159
2590.992304
2353.309276
4732.928402
2121.260762
2451.158412
1815.119617
4649.242757
2309.213490
3159.648726
276.323953
3973.120963
386.951500
2213.222799
542.397210
2254.653325
1962.146981
2762.305064
2287.196334
5141.300921
2950.860427
2832.381910
1386.775212
4855.210862
2757.555275
2612.731712
2094.664486
4606.534176
2660.523635
2968.808741
1785.445347
4227.447473
730.279065
2150.168416
2571.013890
4254.102434
4178.255038
3183.354098
2049.668234
4265.478067
3302.938674
2375.531844
2574.281737
4421.538217
4216.293324
3373.454621
3184.895458
4813.609567
4632.275129
3273.599038
2291.891755
3661.108201
3100.873108
3338.436784
2927.638624
4485.788614
2756.972979
417.550450
2007.733071
4780.475260
2322.209270
258.160639
400.334024
1353.473297
320.830031
1965.404616
2886.510525
4420.299838
4096.755806
3340.043745
2638.509149
4807.383878
4103.180352
234.647794
2207.486200
4473.726761
4992.552025
3289.397278
2579.534240
4038.121808
4482.789944
3533.688331
2024.807436
4521.983078
2559.074583
682.543262
2435.889040
4917.927934
4422.459757
3194.926584
2773.100995
3645.955405
3956.115166
2557.289467
2794.643791
3700.063621
3600.061351
3396.886283
2537.613619
4073.094161
4072.734764
3252.178596
2048.056199
3899.289849
4296.564813
3258.215195
2663.515040
4083.754434
2853.779501
2775.576258
3104.462498
3492.869166
4867.020232
2921.913970
3112.802147
3488.926708
3165.804758
2800.249766
1899.620543
3739.064071
4532.582400
2759.944388
2345.200137
2594.893192
400.233579
2871.849442
2092.089750
3932.254399
4433.566713
3013.712224
2885.420042
4242.861241
4552.595295
2507.796401
96.086429
4200.921043
4071.546014
3110.939065
2471.045032
3926.641790
2486.591629
2655.053658
2740.093494
4548.864046
369.690395
2227.345124
1435.337386
3896.570500
4297.652539
3070.904609
1650.135023
4738.881563
4246.813270
2689.310709
2384.142898
4335.785127
4142.902032
2587.890969
1756.756819
3437.381430
4340.085548
3123.528105
1577.691300
3984.648133
4824.473859
108.203295
2039.102936
4074.392768
4276.774562
2955.512026
1906.398148
4244.635482
3210.816164
2547.535237
2162.207314
3986.454245
3642.164101
3017.707898
1273.064280
4164.275449
4150.092944
2914.135805
2617.839879
4704.324044
4991.272902
2850.523133
2456.299636
4724.484803
4703.450654
3278.016220
332.845885
3236.102998
3676.026400
2769.091912
1684.059674
139.877249
3005.109080
3191.423566
137.074316
3429.820516
786.591459
1910.337738
2079.176162
3981.772925
3586.102510
3246.535886
950.249174
4795.785679
2739.820512
2916.236031
2225.371579
4540.592586
3641.695469
277.485122
1323.454119
5319.639226
2860.302740
3107.013906
995.304103
3898.075841
2948.521916
3421.825734
2502.811940
4708.778664
3719.585010
2381.313510
2997.837504
4212.789893
3633.389067
3384.945400
3115.108520
4197.063063
2547.842985
304.472902
2608.620098
4621.420817
4294.244377
1993.584763
708.593767
4869.323153
4119.003219
558.048406
1730.522709
4786.460118
4651.268212
3653.245750
2132.945919
4283.413675
4432.091298
3809.608382
3074.292086
4777.853135
3919.034372
3533.367344
3615.908192
4495.511373
4655.226192
3554.891135
2587.576488
3896.546817
5031.336333
2690.461481
469.021359
4561.226014
4786.423546
3601.143573
3403.000664
4094.969290
4272.871199
3489.858903
2873.155447
3945.084965
4625.611669
2632.988733
3313.200692
3663.585477
5098.993446
3878.074406
3725.050302
4081.803588
5135.344373
2711.660612
2980.991246
3744.206859
4410.185275
3423.409234
2727.050573
5393.280532
4926.593809
961.196292
2188.565327
4249.249127
4230.547841
4259.379707
3371.925188
4242.869779
4982.592732
3864.420051
2854.694433
3731.084728
4516.001192
3760.453068
2890.459290
354.389604
1017.329524
2798.198221
3273.006172
3974.584869
4057.394822
3441.740742
2883.618775
3956.432226
4559.887723
3533.592003
2903.610924
2694.273027
4402.524501
3827.922841
3451.486877
4084.965104
4644.084745
4561.753826
3149.444427
3301.899509
4540.224017
3776.249338
3442.524316
2906.639816
4760.167091
3756.898020
3271.089033
3933.361357
5217.359781
3936.128085
3337.588718
3051.133608
4692.665168
4196.684086
3345.681380
4430.513871
4282.117537
3736.795205
3388.930429
2435.345360
1582.691169
3530.145248
2835.527853
3860.613293
2547.363409
689.217343
3434.865754
4493.744929
4072.293303
3740.240172
2969.863561
3983.101840
2299.799427
634.689763
3229.329017
3846.101359
2446.183542
1017.863036
540.207928
662.128311
104.262943
1673.496205
3306.885104
4091.674068
4236.130310
3455.080431
3141.228466
4116.758191
4295.191711
3607.274810
2981.136973
3952.318702
4572.015840
3829.495219
2871.757384
1327.626750
2324.301961
4597.663984
4062.937794
3769.192074
4352.418310
3932.991325
2908.975663
2358.004509
1629.085903
3859.285043
3053.737859
1125.907194
1916.429652
1769.007815
1515.375872
3151.207336
4715.444937
4581.503039
3703.001892
1816.310081
464.401275
3208.785475
3164.681741
3717.266079
4277.143773
1124.793730
1597.687620
2999.125098
3004.419570
2001.731423
932.243684
3473.034515
2968.238925
562.921554
1994.556261
3672.163665
3800.595153
4109.796805
3465.120439
3614.908315
4576.459016
3424.898849
3334.419239
4099.443861
3938.676549
2824.754436
75.152710
3590.293787
4223.829956
3523.882040
3705.365375
3465.149993
3343.421235
2780.918053
3160.973660
3471.254179
5045.107437
2535.550079
223.970292
3543.690301
4445.650614
3061.454009
3710.044926
3277.193825
5220.560601
871.211021
2373.653525
3338.291102
2512.812101
3512.735419
3566.593992
3139.843177
634.855889
2471.561399
3004.226506
3737.258335
4836.777168
3391.500871
502.194502
3066.708878
2894.867854
3475.479328
3264.568549
3810.548496
4149.867581
3922.647669
898.656148
2654.872137
4228.101118
3722.214507
2295.412462
596.654142
4442.280882
3578.065557
3404.383097
4602.718043
4329.968683
3688.871926
3059.893672
4586.912380
4382.146425
3831.891540
3017.132791
4067.702057
3061.761279
356.686961
2992.851085
3975.419973
3513.437235
3243.992179
3497.068108
4951.971238
4700.291356
4096.828107
3329.431311
4794.013644
4572.125637
3588.562373
2646.146392
4849.016973
4502.013481
457.064956
2313.259314
4520.950049
4880.081201
2856.766716
3446.462396
4766.017023
4510.957644
3641.379796
2600.424444
4789.306777
4452.340187
3877.278891
2878.918801
4823.127697
5201.615345
3794.268364
3402.266094
4779.845405
3144.425901
3834.696870
3814.199332
5084.925189
4745.780981
3007.559646
214.996359
4360.000598
4965.900307
4024.668405
3368.920011
3767.410391
3125.429390
4145.302464
3485.887927
3814.060467
4816.000867
3736.412371
3993.772291
3022.945707
4663.544733
340.098786
3265.485612
3812.730382
4861.860555
3897.837272
3906.580362
2676.795416
5363.299251
3912.871102
3674.233007
3739.650091
4890.521820
4709.565718
3331.840953
3282.232686
5360.694528
4014.984183
4183.978462
2986.203519
1794.797006
2749.451475
3521.040517
3303.358513
5046.655646
2130.269672
1203.069900
4199.074502
5060.376978
4013.677944
3185.199829
4258.202647
3451.843796
3925.882023
3529.873266
971.034247
3461.478732
4617.613815
3598.837312
2726.604751
3562.032237
3872.414450
3059.123041
140.381078
4817.635767
3958.710344
2976.544530
3326.772035
4304.766490
3215.971263
2389.089519
3157.361709
4676.933925
4202.989646
3311.696630
3073.238941
4749.479925
3609.823067
3330.412691
2659.423515
4627.925089
3851.990169
2902.565264
3359.544048
4806.166254
3026.178921
2882.987926
3761.797618
4798.742408
3856.568248
3454.674045
2948.051166
324.871413
3068.057254
1732.085282
3822.608974
3723.705961
3822.390865
3484.892559
3825.701229
4882.326315
3623.416677
3614.644244
3711.252904
4612.722920
1782.334385
1202.603244
611.179826
3663.924770
3823.743951
3431.827546
4168.359832
3238.600339
184.136261
2763.807262
3882.462427
3157.780329
3729.633962
3200.331235
3870.417619
4505.747590
3829.866044
387.957543
3346.262186
3761.180344
4259.524984
3186.300872
4003.092218
4821.927929
4014.460358
3729.750488
3805.104401
4711.993606
3109.137014
3536.674235
3692.615949
5030.915966
3965.805513
3293.434813
3586.535579
97.615871
3604.051412
1367.313578
2834.923647
5249.770303
3363.448629
3262.533017
4456.290925
4861.144081
3653.788539
3570.218482
1770.624438
2456.326629
2861.727685
3435.254009
4537.794560
5365.202299
3962.539442
3468.566068
4779.214693
3436.421315
317.103201
3630.341147
3637.439476
5249.567431
3845.064291
3296.749007
4077.445468
4930.393906
3900.256745
1126.685359
2557.318896
4849.350478
3948.539055
2919.379190
4272.815655
4280.737463
3996.700840
3079.832199
4913.854366
4592.202240
4073.062666
2901.309581
3958.046653
4683.022235
4019.865809
2879.059928
1966.682248
1128.826432
636.941234
3082.913635
4058.969191
4738.698685
4572.529020
1257.588521
2342.313027
4709.468507
3962.549059
3412.419227
4775.828715
4636.459785
3857.092127
3449.514785
4176.640416
4431.103153
3133.945780
3067.027069
4131.272527
4604.535132
3527.505392
3441.093542
4191.261604
4452.369185
3919.071503
4149.752818
3365.217030
4609.576919
3089.006732
3156.923905
4082.359960
4912.049671
3419.385666
3430.344213
4098.544212
2786.894302
670.124908
3117.095822
1339.030192
2705.870995
3941.447892
3435.417744
4054.879033
4800.675402
4401.188309
3419.632987
4216.373129
4858.383002
4305.859563
3532.962499
3364.707558
4645.416653
3937.829698
3521.018514
3245.581439
4814.417320
4089.859173
3583.145444
4333.274572
4839.228760
4062.543572
3579.797722
3813.635943
3604.673531
4304.344041
3666.332515
2166.585478
1627.962171
4271.619677
3696.185976
4454.136411
4814.723079
3953.639221
3081.765310
3218.269095
3855.433435
3924.832181
3109.604887
3514.273489
5075.547720
4462.421720
2918.832895
4832.964224
4862.968286
3776.813271
3650.350602
3927.325113
5061.016965
2635.585155
618.730286
4306.566594
3167.681308
4139.507948
223.528177
4653.608464
4581.539381
3680.128550
3400.968427
4667.240010
4871.763068
4396.906279
2858.272142
3971.896975
4453.357586
3978.321824
1978.008702
1480.771990
4771.353136
3844.273772
3340.218286
4629.842048
4566.117718
3795.348251
3357.619041
4393.037266
11.964862
4106.472241
3904.421132
4298.172804
4467.471360
125.175714
2740.684653
4594.035494
4580.276054
3685.905120
684.764008
4769.289022
4440.198991
3818.724594
757.203818
2813.777688
1258.680804
3567.655237
2462.725297
5058.837312
4204.557294
3597.649508
3183.779508
4775.755792
4394.777079
3644.037916
131.471485
3715.685915
4395.653533
3684.839634
2859.647601
4839.118297
4704.355530
201.508313
2598.584700
4276.533500
4724.045244
3360.023804
2627.833347
4596.284146
3381.945553
3478.675820
3592.427135
4655.090011
3689.750434
2075.146888
681.468415
4620.449584
4228.590533
1464.159167
1440.638104
4124.591581
4158.546270
3624.713985
1051.852691
4626.487703
3668.885111
3448.902537
3250.118229
5192.058922
3462.097182
3641.922519
305.591503
2740.972872
3117.971584
3624.743184
2562.964260
4308.457659
3151.358952
3413.372186
2237.220059
4801.384524
3703.440273
3671.508416
610.327534
4607.083261
19.770223
3408.939301
716.771579
4733.589940
3321.872061
1139.042460
1009.413809
3368.982258
3544.809163
3830.877875
2783.105650
4454.741911
4059.265856
3366.352312
2866.973053
4853.580370
3080.455186
3587.733484
3075.341354
4913.681761
4500.904104
3618.898916
2913.443353
1299.751291
2147.491154
3900.915542
3277.205183
4857.795411
4793.054751
3626.183241
3255.214851
4507.629321
3442.468328
3850.117349
3362.600236
4821.656554
4625.132092
3867.020018
1490.547070
4852.314635
4357.476536
3917.919475
2814.422444
4272.394536
3093.034925
204.486502
820.366506
2580.167092
4256.393018
3781.774751
3165.110915
3355.680708
2376.803766
965.765022
2346.879454
4964.901117
1096.997921
2699.673436
3535.057275
4916.092327
4863.504692
3801.074150
3597.088497
3078.844431
4879.107173
3935.755556
3325.517577
4599.148692
4583.297779
3862.021606
593.001131
3569.362106
4629.556911
3927.334032
3586.221410
4084.754533
5088.468432
3597.040340
3601.385743
2822.963533
4728.818080
3868.872792
3634.481672
4820.883064
4948.037093
4659.785053
3629.628342
4328.324785
3190.860492
3922.450934
1600.541705
1831.383964
4957.022150
3511.122238
3513.443904
4014.175488
4779.104685
2947.832115
4264.228284
4419.324475
4607.273949
4647.564169
3377.499199
3623.850959
4735.384627
318.475534
2802.674112
3896.013350
4894.551600
3749.998842
3592.827026
4334.323024
4188.285289
4078.618485
3271.176160
4222.245054
4859.167338
4093.231806
1290.874725
2354.695943
1190.504087
2581.460072
2742.995578
4512.213226
4510.561450
1241.861777
887.180545
4099.950943
4837.005747
3968.178267
3463.178996
4821.828988
4623.302559
3911.825905
3011.660465
3926.014219
3226.858396
672.693192
1966.374849
5022.404421
352.462060
2566.010546
3291.755217
4649.544892
2604.421769
922.208852
3674.670367
4450.887277
5282.617138
3625.148638
3482.824600
4941.584299
4809.598254
3984.854975
3163.102522
3196.617885
5310.296921
3824.574395
2176.370598
4458.138952
3195.693939
3126.111676
3673.966210
4494.753677
4949.134143
2012.150647
527.118368
4279.082204
5040.624744
3766.392785
3128.592810
3728.690533
3604.880695
3273.433779
2953.069785
4017.504357
3000.232815
3746.646239
2929.114676
2673.980131
4268.964633
3659.821473
3529.948959
3985.878296
4397.379757
3668.175619
49.467292
3707.992623
4803.347792
3613.702223
3270.737349
2896.180712
4435.035454
3756.529652
3025.134817
5155.343136
4250.946780
3740.308625
2554.785297
4825.624000
4803.638610
3580.996941
2878.725002
4762.338443
4894.150985
3274.740021
2719.923588
3353.168300
719.131978
2849.199176
3628.919023
341.587315
4830.571987
3920.565674
2796.339851
2936.581120
440.766583
3838.034528
2773.106920
53.380400
2752.271476
648.672111
3320.409825
4382.337225
4535.718209
3178.805255
2215.856754
617.954749
4791.561397
2746.342992
3031.895490
4185.901003
4663.312949
3988.501186
3459.445278
4990.535626
2749.775447
3327.611580
2017.475545
4722.322623
406.132441
2567.209604
24.834478
4891.947931
2389.603925
3184.733413
2844.145158
5350.014444
4548.926317
2451.456939
2606.511904
4527.763160
5182.558547
3606.044512
2281.094761
4663.286017
5052.276869
3457.938600
3369.332828
3733.499712
4333.707239
3640.940386
3365.178178
2856.025644
4962.096443
4013.194118
945.509543
1517.847629
3328.431318
3745.291757
2973.095768
52.031562
5207.574679
3926.739206
3379.029901
3423.488133
4264.860376
3530.337132
3407.395169
1824.405025
1317.666039
3967.231070
2744.151687
3158.664234
2920.532385
812.260631
3390.627248
3951.777406
4962.955047
3753.738985
2964.490066
3252.358946
4790.755252
4048.716431
3025.350630
3841.953667
4752.677937
3814.348709
3441.356312
3499.134844
4809.486931
4397.324467
3868.791274
4055.260525
4878.050400
3770.108914
3700.552959
4255.828010
2787.748010
741.129692
3794.232486
4412.487231
5109.054197
3046.524154
3155.729823
3423.886759
3324.558015
3704.479212
2802.822392
4346.866564
5376.854104
3299.829405
2780.493565
4747.492151
4865.283237
3802.694535
3265.406216
4931.478450
4698.666050
4155.915695
2611.539532
5179.167498
3421.359933
4011.188094
3529.350789
4713.406322
4641.584383
3374.018941
3286.024484
3267.360741
4790.137932
4175.112477
3128.821250
4780.895565
4586.669254
3786.987964
3091.018336
3887.990848
4195.808804
4126.949068
3737.299432
4031.039349
4626.688194
3156.358999
3241.125102
4827.873413
4418.484956
3688.234079
3120.995036
4652.913125
783.855518
3091.264439
3037.426906
3941.437705
2937.635585
4038.485691
3570.737512
4603.887753
4191.488055
3907.358105
3404.727644
4468.612392
4029.109770
4061.594180
3232.127288
4537.761367
3981.663660
3862.238459
3261.052211
5079.008292
4008.387556
3713.970842
3456.659401
4811.095648
89.681917
3777.378235
1086.237507
1588.658957
3726.846670
3849.767447
3373.218402
4404.882376
3725.025019
3132.302028
3018.711396
3472.283236
2661.902485
3668.170679
3483.334190
4112.004713
4693.066672
4144.417210
3184.185147
4743.364891
3992.591093
4401.466573
3445.152654
3949.497232
5082.746270
3911.222571
3516.796986
4122.409185
3815.999263
3850.309116
3437.755813
3669.220159
3912.062595
4264.607550
3000.101868
4409.550100
4054.577845
1516.100697
1595.514812
2235.023605
1272.396262
1520.674803
1254.342064
3939.362401
5141.772298
4008.599614
3310.413749
4991.425462
4351.331325
3668.678964
3359.125776
4372.377774
2853.879601
764.101828
3641.728401
4285.216539
5026.384710
3870.646250
3548.969917
4746.391472
646.531335
3367.631815
2842.195052
5406.495425
4724.988259
3979.222100
3089.836432
5366.671650
4017.661520
3547.358443
3423.675568
3118.243717
4457.218932
3771.440929
3584.264432
4653.634415
2489.229437
3866.282604
2318.618710
5195.428182
3729.147242
3777.864887
2870.681004
4311.814112
412.477861
385.205885
1496.496205
1707.756504
1749.554727
3361.435753
2570.830985
4247.877514
4164.318135
2665.513552
2874.265931
4301.290907
4534.170418
3334.999041
3137.423821
4023.827250
2815.088969
3731.433571
2458.111756
726.692237
4512.648336
3699.426358
3140.654621
3156.170088
1668.317616
1380.527449
3000.692484
5079.981721
4438.814959
4470.100794
2991.613089
2622.196529
1005.053036
3790.954644
3451.193375
3978.541922
4414.355637
3623.100591
305.792079
3849.844138
3061.106411
349.153627
3571.841769
3038.709319
4146.636287
3523.257451
2925.986808
2490.103473
1275.068278
4153.340637
1348.081202
2557.628321
4413.906429
2712.467259
2963.714517
4265.984426
4863.793161
2709.969085
3295.848659
4322.192563
4196.218663
3675.471529
2916.168841
4028.318646
4263.445554
3532.552304
40.037306
5064.070112
3687.971025
3479.433807
2715.266900
4614.202198
1500.031872
2139.675181
2711.216752
4168.118115
4203.092808
3535.494922
2643.715152
3952.378643
4145.998915
3601.592277
2424.957636
4489.783410
4088.958785
3158.006945
2790.066032
5101.198170
4937.506503
3413.429148
2396.511298
3763.019620
4165.809771
967.738219
1226.084933
248.077096
4766.582866
3610.950388
2593.616274
2332.452339
872.429092
3359.667734
2564.563095
1309.398416
1690.798000
3269.414549
2658.500571
3928.644769
3959.455476
3040.524825
2278.489400
2842.615650
125.792598
2969.297956
1215.185703
2036.303028
3869.629718
1252.876576
1374.487583
3771.343448
4397.849755
3684.630088
2744.488301
2858.554799
4177.366811
2472.053580
1235.647508
2958.204884
3775.575996
2930.126106
1888.253069
3275.768709
2120.895681
863.320178
540.447936
3718.423246
3140.498778
2988.143168
2082.574759
3432.418612
805.068941
2112.600590
2544.117530
3456.660826
2774.369616
2836.150859
2026.516804
3582.874131
2537.308498
0.000000
1639.806181
3096.065275
2751.788435
2624.535517
2310.822392
3805.552647
2629.839386
3009.868169
2561.250301
3817.189522
2135.398493
2243.367630
1074.434900
3261.030128
2461.442178
2719.195092
1186.114508
3737.184145
3185.983474
2839.661283
1912.021587
3598.356931
3501.408384
2868.188314
482.401566
2917.499079
2767.878565
2731.044268
1221.735025
3530.952809
3153.510988
2578.050137
2199.280329
3373.376741
3153.776067
511.301348
83.044375
3956.753361
3241.123263
3365.568052
871.279625
253.234326
2081.811249
2270.494903
804.826287
3391.935726
3263.493083
585.906667
2765.660625
3522.348375
2518.018563
3024.465340
2130.911403
4455.437085
3205.790693
3359.995481
2261.767218
3786.077514
3950.172958
773.187208
998.654514
3619.771474
3249.725900
2939.148851
616.851139
1084.266887
1125.016866
1568.432992
317.025427
3282.789085
3641.721030
3523.771671
377.032617
3311.522360
566.012654
829.190028
957.692795
3401.163408
3785.481829
3492.390047
1919.569149
3711.835916
2149.366534
2244.335504
1501.979948
4283.709799
4077.429498
2872.408930
1731.966045
1372.616021
1659.842584
1586.791849
601.893012
2740.547249
48.838620
3716.016705
2465.363179
3295.080754
4061.278605
3372.679139
2115.862150
2491.234037
214.683795
2921.082586
2231.583818
3002.454253
3746.242776
2969.998341
2725.242133
3498.627710
1669.234044
1774.833477
409.458824
3272.951342
3672.665779
2625.834812
2151.712398
1977.238109
227.583851
3237.654465
2738.057898
3267.002106
2860.069258
2977.936494
471.927460
165.585646
786.620424
1253.452043
2361.693903
1712.815239
1031.133538
3147.286825
2158.043575
1096.592109
2920.080007
3267.494220
2668.995961
3984.177910
3480.658053
3170.038690
2068.666570
3161.235342
4027.558506
3056.789544
2171.646458
3264.566576
3556.245862
3333.563837
2681.702501
3066.599846
1486.043464
1677.565530
2685.935503
2996.263595
3748.161776
3468.028107
2743.425219
3629.910175
3001.886763
2966.319560
1177.492283
3234.332799
3571.709515
3223.315692
1315.376819
1201.429556
3699.056787
3211.328590
3161.575045
2908.718451
3448.145343
4083.265430
2537.421937
2854.968039
3726.190572
2429.169304
2711.729673
2973.909807
3909.995934
3006.487447
956.418793
2694.676302
4085.189880
2874.281144
1964.637665
3186.464563
3908.998487
3541.605442
2874.295323
976.767673
-10.531545
1701.170639
2719.610428
2996.832573
4608.714330
2576.181942
2756.026246
3076.608582
3831.183248
3688.332993
1258.249946
1418.176102
2631.152454
1203.955213
2646.349138
2932.870727
2005.267978
880.285095
2797.015229
3724.975204
4537.539029
3109.552621
2241.986080
3444.143847
3766.540338
2622.254345
2874.584295
2883.261124
3696.376733
800.410374
1847.461434
3110.317255
3695.772822
2621.585283
2751.856035
4457.471786
4416.227962
3348.166197
1750.749284
2632.648356
4130.697452
2428.368968
47.674222
3037.880208
3236.000031
2950.914892
2217.971428
108.927515
4250.859222
3802.285829
2577.399336
3581.949281
3881.100397
3065.337244
2793.418544
766.377268
3254.620538
3094.892988
2139.058346
4019.168394
4105.430095
2911.358694
457.746185
3615.943720
2647.289660
1363.346875
1210.146696
1892.793129
1013.634309
3272.705512
2473.694145
3820.843385
4262.061678
3432.575089
1451.373545
3811.948621
3824.744641
3164.424041
2575.914434
3384.080164
3952.252716
3167.133771
2729.377178
4117.426043
3952.146041
3855.438244
1000.149935
2739.820729
4703.208603
2881.115483
1951.593844
4407.303942
2696.099802
3057.840179
658.006591
3205.070450
2645.318770
2792.489198
2346.817438
3926.031075
3781.227020
2700.139374
2772.312150
3995.205677
3489.632020
2951.961460
1436.589642
2731.912531
3831.720470
2953.004872
2511.089138
4626.170852
4133.037857
3314.377158
2505.693132
3457.170209
3824.363365
1237.653949
1237.554377
474.387539
3430.395478
3399.621201
860.535521
739.280657
702.865820
423.703597
2118.298345
2555.500628
4052.202938
3327.342152
1329.708534
1805.124562
4386.433369
3795.214925
2966.289625
2840.496932
124.634922
3066.800211
2982.500198
1569.601046
1259.864476
3120.080565
3387.041591
3081.817368
4027.208070
3132.619681
2883.730228
3175.964882
4013.625905
4080.863266
3189.652257
2643.249720
4768.036328
1989.070020
615.490616
1221.508204
1721.347798
3271.133580
2888.505460
3145.797836
2526.230499
3255.634648
1875.977497
535.311134
1715.773032
1172.178134
300.652400
1507.850593
4681.933594
3131.935918
554.169136
2796.022326
4085.154482
3205.084681
1699.546562
1027.220454
4468.517336
3205.152951
2736.919098
2441.537034
3617.614465
3380.219597
2661.757033
2496.025715
2208.515925
573.932019
1830.119559
625.459385
2878.166605
3364.636334
3341.634794
150.019087
2840.832003
3393.192380
2595.505182
1456.093933
3985.121481
3058.893891
2948.947805
1808.591178
3768.818329
3247.777706
2873.624705
2784.265639
3609.425884
2963.021823
2426.330306
104.457374
4189.691469
121.850026
2587.278985
1017.706523
1645.964372
2668.859680
2196.996661
474.471397
2220.067909
837.956376
2875.791389
3462.428313
3694.040712
3147.481341
2388.061650
1301.988725
1035.945540
3960.507445
2241.220437
3963.677094
4752.345877
3356.474475
2535.031874
3223.627947
3887.962171
681.271174
1969.442447
4026.456528
3972.804495
3202.864977
2577.118224
3485.403229
4506.416380
3007.576185
2775.286701
3434.815426
3841.415241
2924.052953
2334.222057
3421.099967
3976.530969
3464.348012
1097.822366
3974.795784
4320.075157
2953.830821
2733.251625
3216.006629
4671.352436
3967.284311
2908.316340
3402.382023
3301.611553
3276.487725
1968.947567
1889.552773
400.222532
3163.881734
2821.964459
485.267891
3817.462448
3300.359368
3026.053503
3617.602095
3411.132737
3390.593804
1391.421998
3624.295165
4066.014742
2628.901882
2744.311181
4207.879597
4979.279362
2119.682964
248.395921
4703.327825
3892.203793
1224.391800
2216.085115
4477.617943
4073.712340
1150.280307
456.291730
4761.119394
4591.772596
3541.638339
3357.800319
4474.734087
4343.347017
2263.701460
519.202985
4333.099717
4410.064787
3276.941578
2751.319657
4503.378605
4431.600040
1202.918504
1544.404617
3361.028501
1997.365488
1540.764069
3567.412475
4536.268267
3805.343271
3939.901647
3019.865857
2641.183907
1646.837360
2052.921012
3230.926999
2511.215263
3224.623347
4589.114724
2985.328625
4202.955361
2071.567577
382.642685
389.541944
132.326064
3825.968584
3876.040576
2072.781155
4442.721936
4538.743673
4600.182257
3165.044833
4175.188057
4576.577879
3881.527526
3552.890012
4216.725809
4687.214947
3841.470225
3797.192307
2379.039396
435.411616
4075.401832
3470.317480
4105.211545
4487.983509
29.612679
2322.603807
4219.522882
5086.476843
3819.830978
3329.350431
4079.064042
4555.229328
3952.082858
2159.755660
4145.393617
699.288615
2946.014868
2027.266213
4431.784398
4204.242480
4151.887885
2273.462030
4966.241432
343.638420
3348.421381
3789.512371
3463.445258
3103.861688
3848.414278
3088.251327
4294.255085
5135.523090
3863.112258
3397.401617
3970.822819
3468.826544
36.300257
3722.523866
3653.751532
942.305803
2754.390163
3414.228000
3891.118417
2675.840680
975.683421
3285.331698
3835.958139
4409.128059
3980.233844
3035.491241
3928.548173
4641.582220
3471.036574
3232.878107
4552.111577
4708.910245
3685.172148
3928.274661
4024.861861
4441.401425
3733.518046
2601.975200
1635.381211
2319.949037
3711.038996
3354.789534
3670.844246
4634.199931
3119.202921
3350.783383
3982.626064
4626.693641
3967.878015
2848.854023
499.750927
4092.948113
3814.568969
3670.923078
3974.254449
1819.764184
1106.838611
3376.456057
4114.051052
5222.185021
3816.897977
3411.359870
4267.935809
4907.060544
3363.435853
2754.415778
4616.165310
4930.716524
3671.845158
3034.849236
2813.620429
4781.764067
3847.112359
546.706686
3129.366188
4603.464374
4044.462513
3415.170613
3558.461114
4958.913583
3867.378558
3273.651397
4124.338269
4844.163571
4194.908226
2843.902283
3982.859635
4916.565344
3650.782881
1132.357187
1473.176805
4643.626273
2846.576865
1058.885210
4260.027337
4083.278036
4058.565817
3047.524373
3806.084834
3813.638179
674.493876
1603.844331
3514.173437
5078.300317
4007.659050
2836.005383
3084.284475
4725.632118
3687.309634
2770.852515
3141.988061
4698.343317
3235.313856
2940.706609
3740.654377
2419.443847
1041.139124
1926.324698
1309.752116
2738.557370
4073.724819
2597.652049
1485.196104
1925.683584
3312.013977
2856.472212
3863.096566
3698.945676
2896.738356
0.000000
3280.937205
4747.462510
3622.058753
1966.474355
2573.422244
4385.766504
4525.270331
2997.779072
3183.212953
5359.802043
3157.530473
2152.886695
3297.933700
4772.788266
3116.128927
1484.753747
1208.530116
4717.157261
3758.474755
3289.132999
2903.935380
3667.118728
3932.092131
1809.364463
3105.656792
4495.231960
3731.717454
2904.955072
2827.980883
4568.218929
2620.828492
1102.107794
3126.323701
3259.976342
3239.390904
3227.166129
3738.781052
3726.575503
2963.664546
2663.469872
3203.439458
4042.368398
2876.832852
415.007982
3385.809120
4545.539192
2745.157983
2744.553160
3579.088480
4639.823446
2521.359420
2440.177350
3130.671899
567.362688
925.626795
493.887786
3973.280633
4340.620173
3286.311752
2972.252893
4121.743269
4065.671924
3444.887720
2423.944983
4186.256554
4808.599128
3076.869136
3064.577210
3987.187099
3130.795401
3795.982784
3119.168751
3049.380707
4487.028638
2206.934585
506.249081
3043.331606
3155.121916
4156.024551
2041.686004
3799.878293
5365.184521
2336.290797
1198.208202
2780.660612
4272.053831
3407.205231
1546.075155
2937.513252
4359.196695
3745.362572
3398.531908
3201.156058
4514.355197
2287.055131
114.522575
3068.941256
3611.268969
2054.229035
2397.761724
2681.950113
1393.549859
1948.732495
2405.972059
2542.561460
276.287937
3835.089633
2120.846161
2190.627922
4035.769613
2873.449822
287.815590
2032.834501
4171.864536
2720.802093
70.810618
718.171678
2467.032027
3314.985361
2986.125484
950.920966
3728.938784
1540.747375
1505.205005
192.483035
4388.139384
2018.719002
2010.444571
2013.759014
2673.468822
3070.819588
919.655504
1348.889521
2888.864845
2983.205979
1209.143926
647.479394
2429.367961
3083.517643
1601.737388
2168.208633
3394.067882
2991.079069
1740.745727
1914.422013
1352.101196
1540.925692
2259.987330
1871.302473
4260.573690
3856.057601
2275.705797
1701.666631
3632.833948
703.380528
1251.327623
2012.085493
3775.591555
3060.672278
2439.350646
230.679983
3371.022584
1940.018410
1785.839971
1778.826501
2999.082501
3073.537245
2490.844179
2122.467149
4054.673544
3635.686900
3302.776057
1932.471125
3360.138942
2670.277144
3426.070520
2107.056881
4495.184265
3828.250675
1733.904970
1721.166828
4115.113297
4083.901012
2467.789134
2002.345602
2686.968692
1409.681838
2960.352839
2327.662449
1614.863506
1344.814139
2918.553886
2502.737289
2800.854656
2990.853661
3533.942433
2682.568592
2324.402460
260.080793
2050.159796
2450.931818
4435.234448
1079.561668
1837.001436
2064.457575
3321.504922
3112.973878
2752.145771
2049.386482
3322.085520
1246.308451
1320.540165
1944.610669
3508.473041
3775.736344
2639.646497
2856.362870
1955.763053
2570.977492
62.965224
2670.036198
4204.821375
3246.119757
1476.005891
382.899340
3199.766451
2059.615463
2638.937487
3159.214438
3632.816068
3433.080518
1370.722120
2258.520206
1161.234043
1849.625224
2625.967261
2648.163194
3160.748329
1910.671288
1791.442505
2813.768904
3275.764295
1561.577926
734.432266
2786.014922
1741.570951
73.462337
2040.761516
3188.471274
2943.238590
3457.349258
1237.534717
3126.787318
2662.896847
3314.887412
1762.747753
2875.878557
3281.332290
2162.416208
639.074256
3116.913353
3216.112558
3669.528407
1188.862600
2916.986293
3770.017957
423.349276
2556.734858
1659.200540
962.476147
3700.365137
1943.225070
2819.183476
3221.744613
2929.646187
2448.837415
4187.392582
2913.292168
2795.156486
1123.670968
3703.930612
1632.888986
2960.525797
2175.921656
666.260480
1469.149603
33.318002
1042.321223
2154.289896
2873.590323
3663.526699
1039.573996
1916.623652
3769.318585
3207.124169
2702.406840
4226.449529
3625.350468
2994.506971
1816.917075
3043.153025
3423.771418
3844.602728
2652.180810
3992.586766
4137.382679
2916.403235
2454.761046
4153.663404
4949.860895
2918.235036
3237.978331
3934.200475
3971.105047
3464.396666
1788.735692
4320.998278
5067.580183
3455.246095
1987.523810
3952.188279
3969.073449
4148.323045
1951.934504
3815.168415
3738.045809
3969.540684
2754.017533
4168.715975
2215.215792
3232.115036
2628.882924
2690.088258
3686.704438
3318.788202
1967.699701
4857.507037
3401.299192
4004.291777
2112.449057
2921.396461
188.855557
3487.879336
1228.554987
4181.822793
2899.067201
4333.750169
2616.931872
35.504196
36.290626
1698.397544
2773.407979
3892.716249
4065.042438
1793.662104
2930.631962
2064.886096
1511.067063
3451.121310
2082.716423
3823.911867
5131.192412
3556.811939
2961.894013
3818.816476
3927.042087
3857.865736
3631.060555
1107.230886
586.852401
1380.956960
2248.345666
4725.620738
4492.217924
3100.769130
3634.610323
3432.887644
5004.768359
2872.752251
2403.605645
882.116095
2973.504175
3603.810396
2491.171656
3522.552348
2426.000614
3130.438850
3366.947408
3615.044283
3014.218466
3438.768227
2386.907829
4220.933340
4067.262417
3799.835946
2493.394863
3573.075723
4028.569798
3799.765694
2903.802259
2614.134032
2854.163154
3348.099629
1470.477951
3764.959825
2749.798818
2945.281296
1398.802057
936.338816
2891.541644
3560.990528
482.194912
3715.938341
4359.351211
1394.201927
706.376701
1482.612142
2292.440475
3460.266470
2082.458411
2815.146268
4061.281116
2201.372442
2841.680415
1682.095508
2016.492795
3635.471355
3103.548788
3235.995778
3908.993969
3173.791101
2814.722946
3211.075167
4165.688034
3525.193385
1254.263955
1763.926244
3052.683450
19.504824
3202.633818
4704.244188
3769.864671
3389.840173
2558.806338
3282.308164
2259.378333
794.097980
1720.645380
438.002458
1017.232322
1329.672986
3517.399742
3793.602249
4452.334693
4271.844789
1710.439951
3678.150015
3920.267891
3322.439866
3538.070962
2749.205276
3919.409010
3017.716367
726.365773
2717.738018
4351.337304
3902.567586
2707.386345
3709.970343
4671.991835
3496.652845
-0.619128
3624.738342
4282.916438
3116.028938
2613.379715
3094.401521
4339.132841
4200.492191
2487.735238
4262.573606
4376.517556
3669.700805
1181.063659
3951.399917
3954.147057
2803.381111
2987.955873
3523.541413
4247.671550
3772.442101
2766.158293
2940.325151
4038.756322
3176.995282
2473.828879
183.573067
4004.418630
106.533208
1835.120266
3308.372518
2438.912945
3301.449410
2474.888004
3644.981802
5077.939558
3129.361827
1797.506615
4339.256429
2718.145025
3493.582710
2859.682274
3437.003677
4538.841540
3052.845265
2985.895258
3633.492773
899.331922
1738.980781
2777.240250
3805.654077
3569.329166
3551.319430
2930.215403
4677.937321
4326.362203
3584.515368
955.870726
2716.425905
4192.350911
3235.124702
2160.528552
3805.295426
4665.174356
3596.875733
3090.806463
4469.396050
4303.089696
2408.318787
205.506025
3497.672806
3760.363358
3585.891002
2416.966421
3969.187133
643.625865
3099.361157
724.143313
919.520058
2651.516838
2727.510179
3027.150651
3289.869608
2551.254256
1457.196866
1043.101379
3568.679742
4318.878478
3014.377495
3037.094361
1881.461229
401.193853
842.390329
2935.010671
3599.439662
2863.910703
3461.556030
2776.151025
3949.794101
4366.364515
2826.300983
2822.729899
3840.088574
4147.290470
3005.262552
1652.408710
863.632659
3963.051663
3207.800300
2459.967019
4244.280011
3984.209291
3381.869422
3177.406387
3799.078820
4418.842017
2025.317758
1956.135878
3568.629884
4329.391152
1028.671682
1079.166112
3791.044694
4209.965599
3410.584386
1965.716003
3231.497209
4214.446904
2253.775428
2321.830177
3329.991647
4003.091056
127.875487
2501.717976
3835.505458
1088.615843
1573.249112
2372.341044
4453.550064
3776.980218
743.421987
1117.546298
3206.660761
607.941524
2374.316512
819.592412
652.411079
323.028403
333.472239
1568.892867
3564.357254
4247.463541
3128.339768
2629.400026
3538.378239
4309.637547
547.160129
1690.478323
509.515496
3243.394132
2804.484045
2018.675022
2658.063998
5128.785334
4062.885646
2142.996146
1102.673687
3904.078143
2704.519762
2971.874083
4203.736261
130.204871
201.120704
1960.514909
252.018408
264.703727
1720.703507
1157.579412
3353.002322
4372.172536
2509.214373
1879.734675
2228.476868
2887.414406
2915.605072
2609.455891
3487.457501
2468.306920
1041.282297
2192.599438
4034.276346
4500.202020
3847.064338
2321.510996
3204.356089
4224.048329
1874.802096
1265.074784
1009.892015
3225.002688
2974.228238
1261.504050
2466.705114
4172.109955
0.000000
2719.432810
4378.835926
4143.450314
429.587269
2286.102214
335.757969
4469.940048
1512.371157
100.644671
1861.358504
1569.341961
3161.028199
2596.368009
3760.362566
4269.113479
1226.193642
1439.100311
2921.254935
2096.005018
3120.106394
1526.085462
3523.571256
4513.159797
3379.414445
1250.141335
195.615006
4076.797564
695.639442
1952.967385
3730.057153
5492.569336
4394.197491
1941.893551
3534.621612
5101.023920
3009.700109
2709.735392
4256.999732
2749.862392
854.681090
1985.460758
3565.117140
263.912053
3115.750421
0.000000
4367.181635
4797.741979
3806.967565
2429.216478
1668.491962
3779.442690
3954.943724
620.385580
3095.183694
4470.029333
3952.640905
1069.643870
2271.158298
4490.698300
3701.920331
3158.602122
3141.730582
433.427608
3115.994290
3061.200378
4015.729673
5484.020836
3625.130959
2423.107038
2572.417032
4294.624481
3310.538443
72.320870
1271.598689
3200.357766
3704.881775
1726.501381
1435.147704
1101.980773
2070.627190
2988.428157
3859.534328
3161.296243
4127.546196
3092.381965
3110.211588
4068.832107
3394.393987
2815.646187
3797.286252
3632.815692
4306.141254
812.324299
4488.495030
4132.036102
4319.655560
2496.605469
399.383930
4692.987561
441.256023
2129.277125
4107.384274
5033.059499
3393.548240
2202.155384
2612.167901
3353.608718
2399.234965
2194.490060
280.771434
5136.461350
1026.653745
726.802740
4897.162889
5099.205109
2937.616461
2753.497025
4164.807367
1690.124295
1210.672323
1341.235421
4437.043874
3403.580445
383.991891
1986.675321
2638.721378
2822.009505
3126.679295
2737.264225
3028.762032
1064.713586
912.451117
2427.092808
5149.475370
4917.230031
3133.312388
607.850228
968.072035
1581.158442
2085.084090
1846.803380
3442.596022
4275.054568
3277.422544
911.772947
4053.800640
1185.900278
2556.088455
1439.727697
4408.450599
4528.308036
4260.549128
2407.324522
3301.005329
4887.045439
1612.632236
545.551816
2254.517894
4530.954290
1730.289811
2224.901693
3099.480202
4670.198761
2279.888482
1909.026146
4687.446451
753.875554
2716.651943
0.000000
4099.668546
4557.005197
2398.657231
3144.376676
4200.116628
1250.223738
1250.887764
2088.947265
4302.052820
1671.839450
368.839485
691.011491
2594.092058
2382.213202
3002.465083
2506.928094
5173.039822
3412.117270
3224.491652
2008.181804
4963.422332
1670.980056
1308.324001
826.003478
4913.149040
4135.398699
2182.435919
2950.623925
4939.548551
3995.595705
3357.151904
2501.307660
4588.558521
3514.746442
3458.179911
754.039399
4880.787067
4139.862470
3329.073639
2475.232721
3865.942048
3999.972561
2635.101982
1765.714017
4568.698898
5214.143320
2281.021163
3061.477261
5040.784719
3536.488232
3823.944379
319.187625
4619.051635
4514.274349
3535.219066
412.000096
4992.128340
4656.773699
1786.774124
291.004250
3535.056566
4383.133539
2976.874784
2608.234134
1345.728498
2628.044193
3375.571409
1757.940567
4149.258408
4653.531494
3203.608191
956.859083
4441.291082
4255.969127
2228.575934
1221.954001
4132.326257
994.325881
2184.360176
1227.071446
5340.997231
4885.321469
3613.960437
789.508500
1395.955507
4707.551755
1447.649378
1867.699727
1292.674084
2055.271073
3147.822857
847.143766
2289.718519
3996.119004
2979.540447
387.375065
729.186120
2333.227203
2630.329105
1826.267078
1800.899680
4554.051761
3070.058195
2476.225394
4523.950771
3506.005956
3409.923295
256.994386
