-7.207753
-7.480657
0.000000
-4.016174
8.378353
2.733130
-34.087903
4.964053
-3.021088
-35.858742
-27.660537
0.000000
-3.889246
-4.427524
-1.901352
2.449917
2.993028
1.511648
4.017278
-5.983136
14.770338
5.674212
-1.503670
-24.902460
-2.121832
-11.434747
8.629633
-13.002586
0.452595
1.796248
-15.519938
-3.611524
7.385249
3.990118
-2.703403
0.000000
-23.032617
0.000000
0.000000
-1.384816
1.002197
1.591393
0.000000
0.000000
-3.053300
0.000000
-1.391585
14.609855
-1.035183
-5.111347
-0.557649
-3.402396
2.248430
0.000000
4.760536
-7.901061
0.000000
-12.063657
0.732260
-8.686789
2.030070
-8.940876
-7.831586
-5.743818
1.427199
0.000000
-10.430885
0.000000
14.061022
-14.504177
2.494297
-21.601291
-3.110759
2.374447
-3.980871
-10.219014
0.000000
0.817136
7.337731
0.000000
7.363043
0.000000
-4.905696
0.000000
-8.547897
0.000000
-6.412478
0.000000
4.405687
0.000000
0.000000
0.000000
-5.468360
2.598034
-6.670807
-0.691073
-2.740829
-2.499949
0.000000
0.000000
-3.620741
0.000000
0.000000
0.070195
-5.374076
0.000000
0.000000
0.000000
0.000000
3.937200
0.000000
-0.719238
0.000000
0.000000
-7.675545
0.000000
0.000000
0.000000
-5.195839
0.000000
7.863782
0.000000
0.000000
0.000000
0.000000
-11.125289
0.000000
-1.409449
0.000000
0.000000
0.000000
-3.510454
-0.650488
-5.276692
-6.851937
0.000000
4.453558
-4.989676
-0.145787
4.533201
-2.562303
0.000000
0.000000
-3.267728
7.147939
0.000000
-11.306532
0.000000
-3.176179
0.000000
1.470066
0.000000
6.692844
0.820517
0.000000
0.000000
0.000000
0.000000
0.000000
-1.765274
0.000000
0.000000
0.000000
0.000000
0.000000
0.000000
0.000000
0.000000
0.067077
0.000000
1.564214
-5.044425
0.000000
0.000000
-8.009223
2.481696
-0.575855
0.000000
0.000000
0.000000
0.000000
0.000000
0.000000
0.000000
0.000000
0.000000
0.000000
0.000000
0.000000
0.000000
-5.999017
0.000000
1.895300
0.000000
0.000000
0.000000
0.000000
0.000000
0.000000
0.000000
0.000000
0.000000
0.000000
0.092768
1.083434
0.000000
0.000000
0.000000
9.052581
0.000000
0.000000
-8.569617
0.000000
0.000000
0.000000
0.000000
-2.579658
0.000000
0.000000
2.532537
0.000000
0.000000
0.000000
0.000000
4.116935
0.000000
0.000000
0.000000
0.000000
0.000000
0.000000
0.000000
0.000000
0.000000
0.000000
-0.056537
0.000000
0.000000
0.000000
0.000000
11.790685
6.720405
0.000000
0.000000
1.136194
0.000000
0.000000
0.000000
-3.006404
0.000000
-4.193208
0.000000
-3.366361
0.000000
0.000000
0.000000
-3.676171
0.000000
0.000000
0.000000
6.056514
0.000000
-0.520518
-0.773106
0.000000
-5.708001
0.000000
-1.598387
-4.199001
-11.092750
-3.857573
-2.947644
5.898467
0.000000
0.000000
0.000000
1.779663
0.000000
0.000000
0.000000
0.000000
-4.131138
2.846440
14.550619
-9.331107
0.000000
0.000000
0.000000
5.582412
18.365771
-4.495372
0.000000
0.000000
0.000000
-0.797962
0.000000
15.101464
0.000000
0.000000
1.062865
-11.128838
0.000000
3.444892
-1.998060
-13.144061
-9.577807
0.000000
1.413888
3.635935
0.000000
0.189165
-4.981120
-3.627082
0.000000
2.392159
0.000000
-3.118242
0.000000
-2.254806
-0.547463
-7.653100
0.000000
-6.517286
0.000000
-1.537619
0.000000
-6.795122
4.974438
6.501488
6.159641
-16.308861
0.000000
10.337708
0.141077
-7.664249
-12.468748
5.581429
2.409120
0.000000
0.405267
10.004894
1.653233
9.693271
-3.202600
-8.504285
0.651022
-14.502361
0.000000
2.390076
-4.864047
-7.388199
-0.323531
-7.253875
-6.907283
0.837511
1.096745
1.057818
3.387858
0.000000
-1.847021
11.272888
0.155023
-8.465859
2.393015
-8.815398
3.350543
-0.844842
0.000000
9.918596
2.079929
-3.618287
-1.001403
9.366893
3.183330
-8.276831
-5.804247
11.961345
0.000000
-5.358488
-17.251794
-7.900584
0.000000
0.919517
0.000000
40.519878
4.954377
-9.990081
-0.958863
-5.861714
0.430661
4.712929
-0.521109
110.335824
0.469278
-29.701789
3.574627
12.922015
2.687875
0.000000
-0.059394
14.610653
0.170319
-7.235234
0.000000
6.934871
-4.986660
-19.355001
20.796355
-3.061887
-0.737419
-30.313084
-0.655530
-8.384995
-13.887871
3.139821
-2.212028
6.194737
1.844158
-14.127009
0.000000
-3.686743
-0.275544
11.415130
2.846782
-10.369705
5.354006
4.546700
0.000000
20.092986
-1.636288
5.712147
-0.038545
40.029546
6.634284
0.000000
4.889224
17.268992
-4.436311
-14.766085
-5.906981
-14.498886
-3.224326
-5.573131
0.000000
-4.384319
0.000000
-5.166950
4.938721
49.050420
-11.925690
1.978045
8.751532
69.973342
-3.149117
-5.554586
-1.290786
-16.745007
-1.241682
-4.163530
-9.419819
98.309252
49.297052
2.313120
25.821199
56.122347
3.276971
28.635629
-83.474459
-1.880919
13.301336
-32.240965
-16.559783
8.508799
-7.037612
-51.044192
10.241144
3.010769
25.834977
-22.994144
17.434508
-7.410959
11.124253
62.526971
-38.411738
5.457067
35.074139
-8.694965
209.933534
2.928726
4.130688
103.992237
-3.170773
0.040624
-7.781557
39.025492
168.478771
-7.079911
7.334919
70.831601
25.991615
-12.833211
26.102261
56.246799
217.072618
0.000000
12.997554
75.110287
66.813666
-3.188369
3.095280
300.057588
205.062886
-5.617988
0.000000
-4.187071
57.752136
0.000000
-6.798216
-17.496196
121.771720
0.000000
0.000000
25.811451
8.221860
0.000000
0.000000
-0.746916
61.253192
6.248762
1.794943
9.823407
0.000000
0.000000
-26.938473
86.725354
45.912314
0.000000
2.372007
0.000000
2.803718
0.000000
3.206699
562.442942
253.526213
0.000000
0.000000
-4.532777
117.394749
0.000000
-12.859200
591.456786
208.814366
0.000000
0.000000
46.812392
95.915308
-2.688051
4.124453
30.391416
39.188932
-0.194326
-4.153243
25.543026
101.302171
0.000000
0.843812
61.321488
93.656105
0.000000
0.000000
117.080338
271.906198
0.000000
0.000000
42.282141
82.499940
0.000000
0.000000
117.961907
-12.712093
0.164295
0.000000
22.814605
215.380952
0.000000
-4.434930
-20.626863
164.680271
0.000000
0.000000
125.972774
14.834663
0.000000
0.300219
255.005445
-41.028431
-6.110338
3.522028
-0.546847
200.921571
0.000000
4.836671
-4.809396
297.664345
0.000000
-7.449786
-30.029744
542.450007
-1.004331
3.985651
199.986905
2.075507
0.000000
0.000000
6.459715
153.472404
-0.685790
0.000000
432.893482
5.657643
1.339155
3.050604
89.476843
0.000000
0.540308
0.000000
-70.589769
217.741121
0.000000
0.000000
41.041097
170.438183
0.000000
6.985085
53.849586
-60.216497
0.000000
0.827028
13.824029
87.231671
-2.908942
0.000000
2.960005
2.028380
0.000000
-3.461639
-6.166828
0.000000
-7.635157
-1.866093
2.041314
0.000000
0.000000
-2.923526
-2.763080
49.945520
0.000000
-1.313613
-8.572078
48.853713
0.000000
0.000000
43.193585
-19.382973
0.000000
8.578582
64.506272
0.000000
0.000000
1.953437
177.450044
1114.898052
3.770480
-4.485671
-5.466523
242.147432
0.897991
-0.573060
353.966669
642.829190
0.000000
-4.589510
489.042062
-6.620010
0.000000
3.311192
-0.413131
671.792136
0.000000
0.000000
469.026113
-60.166728
0.000000
0.000000
1220.217900
-307.179156
0.000000
2.009536
689.325073
0.000000
0.000000
-1.866523
295.341752
237.843364
0.000000
3.875991
1044.830648
16.983790
0.000000
0.000000
1086.736698
13.175953
0.000000
0.000000
1607.584078
0.000000
0.000000
1.479966
1310.519411
1374.166016
0.000000
0.000000
1623.711296
1605.931040
0.000000
-5.334129
1476.382844
857.340185
0.000000
0.000000
1675.894505
1681.648473
0.000000
0.000000
732.116476
2302.673805
0.000000
-3.057499
1933.799847
156.602973
0.000000
0.000000
1746.275976
2591.010002
0.000000
0.000000
0.000000
270.585060
-4.989352
0.000000
1707.923183
2540.656253
0.000000
0.000000
537.074531
1326.547665
0.000000
0.000000
1424.656674
8.171324
0.000000
3.146960
39.681351
235.217442
0.000000
3.625338
163.522452
1462.250287
-0.177173
0.000000
0.000000
2361.257036
0.000000
0.000000
947.710756
0.000000
0.000000
0.000000
0.000000
1603.868033
0.000000
0.000000
0.000000
1132.106696
0.000000
0.000000
196.587525
1003.693705
0.000000
0.000000
2039.468479
39.142587
0.000000
0.000000
421.847254
27.481751
5.144226
-7.075031
746.406042
0.000000
0.000000
0.000000
12.615419
91.680549
0.000000
0.000000
704.449599
0.000000
0.000000
0.000000
1.134760
0.000000
0.000000
3.951228
1194.082094
-242.096261
0.000000
-7.428785
1.018825
29.174119
0.000000
0.000000
1453.592743
564.464094
0.000000
0.000000
275.489827
1019.044113
0.000000
8.680660
1319.004775
36.462817
0.000000
-11.659651
2286.774581
2039.316228
-10.330877
-0.533690
-1.202889
1915.522335
15.628130
0.000000
2001.260129
437.799005
0.000000
12.685591
7.321468
2164.366142
-4.716258
31.139577
1001.170774
621.964445
7.763919
62.108763
58.217798
0.000000
9.088569
0.347699
662.603295
34.583118
10.998335
28.385212
1113.127588
-0.730672
12.181893
-8.153902
0.575170
-3.857577
10.271673
-3.202288
1086.773346
1570.058522
-2.080818
20.322933
1203.862251
1800.405677
-4.129350
25.964935
1245.618935
1920.749245
-4.637810
26.317179
1626.994940
1560.240416
-4.677219
86.676687
946.107839
174.624431
25.980622
35.068487
199.964656
-5.202452
15.366265
117.416970
58.192279
191.337121
95.088887
190.280262
-13.427055
-1.549723
-2.378770
76.549215
-17.580654
112.726494
53.380936
232.945224
68.716599
17.007649
11.934407
127.173973
28.347362
59.711983
176.918117
41.450134
3.816852
2.436127
-9.024063
143.646025
211.685584
45.550363
203.796358
126.439663
477.994402
422.636462
176.855416
331.674711
311.375465
548.356066
198.711763
359.498996
1202.410136
1297.168989
229.383923
390.034064
60.268587
429.263740
49.398014
249.526904
803.851608
65.972671
65.176834
320.444226
902.284350
1245.497377
172.357497
13.666018
1089.206237
1695.225337
119.059304
-7.464497
60.463515
363.762730
43.627749
331.550181
82.238721
80.018513
190.425954
70.649433
722.332128
1567.550005
219.141378
354.549116
551.036416
1737.340525
200.675828
272.545401
1282.580839
1397.854432
166.159791
262.801623
559.676380
452.037817
175.330894
21.561898
831.289274
1815.837752
173.720664
292.158369
526.957630
657.005560
340.325561
146.428883
388.506875
142.298543
319.503579
318.883616
574.845369
209.507745
224.052935
36.817804
1413.726303
1054.862298
304.235124
404.475778
1533.073887
1122.937682
8.798745
97.441400
910.006617
1875.394985
214.323339
349.748491
163.275077
1175.223037
179.254062
360.742555
1637.787512
1169.228433
309.317466
316.130028
1306.632021
1502.342000
121.893388
286.467321
1229.642572
1008.929587
98.425851
185.643877
1097.194698
1194.172456
316.701228
358.987001
1070.253746
840.611493
325.354089
316.819260
37.186009
1015.059412
350.167508
588.112599
1266.345026
93.403368
605.301413
449.786947
1597.478563
999.344166
468.039362
573.274554
992.271098
830.760650
57.912324
394.249125
1817.417080
461.545312
122.657331
306.661015
1660.109015
2497.574276
223.008540
370.536717
1572.633147
60.828359
257.916443
300.690016
83.083982
135.284764
424.752035
396.556647
1263.766772
2112.698720
258.577489
286.685341
1256.376711
1279.861207
387.516380
277.650661
1544.282517
1605.560898
43.233917
112.360135
1749.547452
1632.914944
349.079493
347.849763
1247.781827
26.165655
213.458620
153.162152
335.591895
1135.214558
324.557451
433.065664
88.357773
650.143540
455.693138
91.235277
496.798395
1343.600849
113.964007
442.146295
2036.175768
126.732193
157.937455
0.000000
129.790241
902.185805
225.964643
114.962620
1933.442065
1736.336296
411.120289
496.671786
1535.762987
212.031318
158.034988
553.865738
1453.120361
2257.811814
400.481023
511.865923
1948.384273
2178.965604
317.673923
474.298818
1677.770183
1397.637851
125.358788
530.479555
1673.844456
1307.453417
437.019186
519.552952
1519.314472
1410.525124
492.485062
203.003173
25.993863
14.045190
416.243204
218.711684
1436.183509
2102.891747
488.807394
453.036050
208.708802
303.995126
332.919659
275.916658
1222.241357
1780.944198
187.158520
132.482544
401.789795
1586.883012
420.933683
217.550716
405.552026
201.486187
68.058579
7.447042
247.363407
2117.275272
163.933036
261.363039
2259.936104
2155.215347
320.315841
175.179738
206.492507
213.444317
12.640998
416.013984
2461.345540
2410.183204
420.975951
396.374074
2223.692224
1697.446259
330.283360
14.795278
2326.283795
1999.214203
534.402939
582.726704
240.928034
1011.217207
727.225137
561.799610
412.923951
1340.545986
474.556398
429.000763
1725.816549
1970.479471
651.254744
148.198923
1174.917401
1010.193490
723.828156
139.295621
593.174613
1903.709259
789.452878
623.627448
647.001835
1564.611651
669.339861
694.011608
1743.505501
1852.844001
792.142528
374.778731
163.562867
2106.927033
724.574687
596.732498
2045.795190
1853.507407
503.314995
711.121825
38.512530
1005.072983
795.016613
639.854010
2139.078454
8.920514
628.214282
628.711146
1891.623068
2369.942742
660.122851
630.353683
1909.194823
2742.266848
782.876242
726.470341
1811.347171
1681.639429
616.102049
218.973396
46.776086
206.649245
618.145449
752.323557
1874.512060
1712.541151
794.344269
715.830175
2052.208319
1554.692315
246.362980
621.563483
1593.041113
1913.798379
790.407277
634.358496
233.372573
997.867039
685.406625
853.696387
2109.041850
2304.818776
721.005359
529.120871
2119.305430
281.728600
287.869062
672.141900
289.272439
607.588004
772.214094
929.470587
1235.921681
2130.932588
639.787831
756.939193
1067.302819
2.126975
743.047395
910.394146
1665.490874
843.990186
730.011822
863.633185
546.610663
28.553107
1062.275786
159.446992
1155.021442
28.766136
879.544500
165.314087
1579.165535
314.563429
246.232371
1025.233446
486.623121
135.655092
723.286135
1014.636388
1665.574061
1558.398335
664.215433
541.953214
1287.602775
1386.274125
104.101365
221.415315
1452.382086
599.113332
881.967234
380.471838
1170.545160
69.586163
59.806142
14.022526
1572.155833
1721.540927
73.986412
697.687787
827.318349
605.787337
581.226293
651.562503
1650.445265
2577.157254
584.775878
535.087762
62.872632
177.946458
423.498549
1091.628855
2646.900530
2640.057828
383.280495
185.373803
2149.895383
2459.102047
1049.810924
63.975940
1280.715287
267.023157
558.460675
942.346182
2114.170781
2261.980975
774.892250
807.408029
2241.674831
2731.413090
836.916911
833.906091
561.841054
397.001127
405.752885
901.920080
1529.863848
2506.684973
920.723882
872.591207
165.595009
1519.558244
834.176214
907.805375
2008.411742
2373.545205
1080.491085
281.465858
934.845358
2599.952670
785.166431
855.620923
2315.281290
3091.951054
824.564248
948.795620
632.680069
66.758014
860.747817
953.443158
2274.423416
91.427434
494.381259
39.074622
1780.134648
558.589869
683.609033
961.827737
1950.447479
2512.854128
451.564189
29.073564
192.543107
2467.501273
29.380080
625.076225
48.859622
1801.158571
647.321970
204.143967
1828.704926
248.633492
221.572170
758.325121
65.032982
303.889471
76.268901
788.680267
83.689303
2064.448727
976.236546
242.156119
166.420658
228.468505
141.973123
809.808206
2040.556388
2348.173343
83.906900
724.617299
2142.750786
2563.841113
959.126360
768.574324
2410.600719
1234.969120
427.460143
811.181552
2093.516317
2338.211511
809.433102
44.251039
1719.851839
1945.159472
1176.668857
784.501624
97.065884
1658.044980
936.615768
930.043404
2052.408929
1869.379617
350.869548
376.829411
360.053051
186.319938
201.455510
349.465083
1729.811981
2372.155377
614.592888
864.634341
2244.410228
1846.096970
787.684615
222.170164
82.263362
1215.965349
507.607197
697.901360
1067.959339
2698.138902
1007.580473
878.288515
2352.367530
507.263938
159.258375
873.451608
2079.681211
81.714302
847.608742
912.282533
2123.363542
2747.285465
582.200344
246.328357
2399.522041
2208.619415
944.182002
738.779387
201.878082
2056.890514
842.128778
981.341574
1891.169575
2580.228190
893.847669
45.717005
1508.904499
2720.433527
552.820380
947.182660
1808.214129
2249.029151
992.585917
969.424316
1258.020107
2401.196515
954.775818
660.918978
2419.011352
467.105272
206.832416
1129.071718
2003.044831
1918.262340
861.360761
310.160723
824.380396
2951.557623
1267.620417
1023.776568
2369.207678
152.235490
701.227863
1174.062689
2046.811545
1945.305690
860.392489
1391.325001
1323.544158
2773.829700
850.354753
155.672539
1135.970491
2401.261277
755.281140
711.678534
168.762215
1008.721703
219.135319
1210.930556
2261.183261
2051.736697
258.436335
775.816324
2152.252105
89.128527
818.120686
1108.888639
2569.382843
1403.516794
69.819004
646.055355
2478.048595
2759.512562
1120.917098
852.295325
2493.940503
2031.505309
1693.287123
1288.246344
2614.985945
2874.216002
58.180296
1302.393026
2068.427217
2602.309386
1552.972837
1140.978609
1936.719562
2470.525998
1171.450794
1411.716329
2468.477686
285.987499
576.966175
1082.291797
2087.963481
2849.500236
1290.171496
97.394927
1201.816225
2117.619112
704.320375
1121.016524
2350.502446
2717.629542
1166.081186
1155.317137
-15.495814
504.529676
142.033993
705.528273
2293.756602
2913.045236
1305.228037
1583.009286
2645.903356
2906.151035
1395.556858
1516.979469
3172.379330
3031.139142
483.616855
350.637651
2384.989562
2799.019879
806.431943
1134.203014
2432.149569
2683.149539
1273.638777
1000.078629
2670.250250
316.336161
210.017107
20.610079
391.381147
1154.167527
1114.837325
1075.842543
399.105009
1890.032193
633.457953
821.216175
2381.774290
2563.843131
1310.067904
585.959089
1002.893221
2456.387866
1563.300419
645.736182
379.988902
2581.847433
1256.770559
1465.537813
2445.257928
538.808996
563.085535
1544.788428
2555.941552
2851.498159
1450.949032
1431.488449
554.157321
423.039849
746.091839
93.997790
2602.641700
3123.411694
1524.089132
431.083653
1180.470704
2792.115377
1729.795447
1575.784972
2030.802669
930.913680
79.046880
1522.009348
3097.340087
2960.753921
1213.289981
1688.858619
2943.627018
1872.723118
1457.674485
1915.344002
3069.355526
2633.733468
1732.945231
1830.270080
701.457766
925.548648
2064.842478
1806.226041
3062.982595
2596.766488
1289.668707
1590.617601
169.217737
2488.830564
1474.291160
1611.482068
3028.168367
3079.551457
1611.372115
1648.610306
3154.939643
2984.543632
718.717605
1593.403871
3043.828033
1087.812466
1055.959012
1902.354666
999.507560
482.972951
1863.871404
18.598983
2817.259308
2944.318784
1858.534119
1845.839124
3182.212650
3122.107812
1835.948128
1606.708674
107.933051
2400.567383
1924.319963
2236.591829
3467.049893
2569.016928
2112.644938
391.002417
1946.125293
2916.522829
1711.011334
1702.477829
2834.135993
3031.647154
1395.127542
1093.587480
1987.708056
2978.309353
1710.143543
255.540045
935.644010
22.741760
170.133963
1942.233760
1054.254827
1185.534708
2109.118518
2101.866291
3061.519971
2771.194276
1982.549992
2186.586970
3252.661313
1292.129951
1888.881722
1825.423439
2683.183856
3267.599736
2058.677977
1849.848641
1291.419693
2603.121196
1713.420688
1859.921646
3278.429228
3304.947593
458.406956
7.221494
1790.850319
2941.265827
1728.711917
1584.282622
2947.773296
2971.629198
1892.830932
1945.156566
2858.344249
3218.720395
2231.214901
248.081074
1836.079002
2982.112283
2245.836594
2467.196474
1956.674569
3155.918502
1240.865377
1987.015669
3380.991944
3307.701149
2013.535529
2087.368812
3411.950045
2493.707332
1844.061543
1211.844821
1433.363593
2740.491825
2013.881629
468.711593
870.252725
3152.008456
1928.890028
2244.734501
3268.716965
1892.244824
17.181177
2046.558722
3178.875054
3091.882219
2191.795900
765.988064
587.318221
3244.190989
1685.525191
2348.257518
3385.788817
3115.992991
38.366007
1875.837000
3544.340564
3125.504108
2163.207922
1896.465293
3721.429022
2992.083713
2488.997390
2355.449048
16.941976
2913.706626
2294.441642
2429.443344
3600.433132
1659.539590
2370.578449
2249.891819
2886.092331
1117.377870
769.659873
1909.009017
3090.170838
1819.778764
1862.398484
2119.584234
2965.264264
1388.715983
2161.628764
2702.555629
3024.239851
957.938372
631.502282
1732.211688
3057.816577
2494.369781
2577.580846
2743.858143
3227.301988
2972.130682
2661.279972
2660.744774
3289.547969
3252.140663
2615.389940
2395.204849
3874.817553
3276.734920
229.809794
2532.024702
3422.103457
3098.927029
3031.789490
2519.744879
3470.467914
2332.594990
2199.837554
2656.635814
3685.742226
2820.447500
145.986365
976.951587
3699.882209
3154.607795
371.847954
2620.200925
3542.031267
2843.433723
2476.655345
2740.490342
3659.420280
3655.370466
2806.237265
1401.916793
823.772311
1459.088638
2462.002297
419.688404
2230.821319
2459.369327
2749.975937
2438.787018
2984.112627
3147.160432
2348.504422
2639.188301
2206.799228
3408.415543
2306.554243
2588.879298
2164.833680
3061.290114
2739.126243
3152.641903
3294.426942
3428.733475
1892.577817
2466.186322
3662.974043
2194.535484
2545.754773
458.014942
2066.869741
3143.645047
596.954208
1420.049546
3900.702354
3349.039948
2637.513408
2584.781905
2515.096748
3345.736337
3040.719014
2520.003392
3056.912961
155.491061
2373.814117
2791.405453
3282.742373
3148.734959
1581.429806
661.324545
3121.030773
1038.129984
1147.211677
2750.622345
1921.267101
3120.869443
1513.017254
657.111351
3846.710624
3411.647378
1284.006747
2593.643402
3722.965891
3313.933964
2473.702661
2156.331796
2282.581159
2969.788340
2699.612187
1732.766724
3092.236791
3440.748719
2502.190807
2994.728393
2130.083199
41.702804
2876.925724
2722.575365
3893.374237
3166.548688
3185.047573
2760.406076
1058.009707
1298.769502
2939.306998
2515.107999
1940.837529
486.050171
1538.698422
2724.211534
3003.619595
3106.209901
2115.246500
2701.051187
2945.432434
3051.013531
3008.435760
2342.599263
2185.642161
2691.007929
2658.677270
2267.369863
2178.568306
3166.492350
2442.978485
3217.058145
3416.268437
2947.429040
2891.519736
2928.772259
3244.467604
3106.508793
2960.297145
3503.109113
3633.534404
3072.817234
2671.257812
3173.100526
3638.546628
3225.124396
2637.990785
3078.737779
3102.099117
2920.486646
3329.129676
2195.980794
443.591153
3219.115839
3334.868122
3371.188597
3577.502364
3380.035210
3269.473742
3000.329446
3987.184852
3516.005233
3886.907362
2140.493698
2970.554634
3486.326413
3306.086736
3270.123169
253.515181
3022.281751
2465.854660
2882.742072
2610.671408
3377.498595
1789.030734
3255.075079
3522.190044
3151.407542
3142.557709
2472.897074
3367.892113
2959.235806
2665.265793
2550.814657
2264.862057
3351.720272
2771.572845
3093.262420
3228.230236
3240.792265
1797.251801
2803.577078
3318.247478
3357.023520
626.992057
2338.190702
3126.830588
703.040150
1168.051134
3083.385503
3841.107264
3943.585374
2975.422157
3414.960533
3614.341894
3558.700976
3412.759707
3084.220510
3745.718993
3885.580398
2313.300439
2789.985587
3411.121736
3377.380706
2832.412459
1505.946636
3464.237990
336.842641
2888.263150
3308.424891
4084.961679
3601.889207
3034.695645
2028.441594
4049.888570
2076.335629
3134.048168
2495.961145
3542.139183
3593.357874
2801.220938
3379.197415
3184.192521
2652.353428
3615.081421
2210.004015
3025.918056
3001.151814
164.628286
2193.898891
3726.029104
779.391700
2442.079729
2740.353113
3384.764594
3330.414629
3006.216204
2782.008177
2810.793868
3641.208921
1976.157875
3073.826488
4107.541704
3216.833923
151.409163
2422.005144
3506.554060
603.996355
2555.445346
2555.601396
2880.428088
2938.915246
2854.559483
3133.232927
2849.365847
2910.067091
2476.991458
2667.702050
2750.534905
2981.415605
1995.540461
697.496918
1029.687839
3059.400682
2418.015784
2542.323014
3222.588485
3006.272623
2480.521433
2979.045481
3065.069390
3136.574622
2087.033337
661.104767
57.836384
1890.848737
2177.517015
420.572365
3012.637315
817.493571
1809.182552
2977.261833
3624.612905
3438.448367
1565.158556
2756.821993
3196.121105
3738.483106
2698.404148
3018.673619
3226.149858
3175.689129
3422.274884
3170.085023
3454.836287
3333.218810
2985.337696
3134.224194
538.514676
2743.099220
3696.326105
3472.567752
3359.688017
2780.867495
923.157790
2045.153696
2422.366545
2877.794571
2923.665629
3409.510535
2862.774654
3659.833678
220.841673
793.307004
2151.035009
2896.289387
3152.775002
758.068718
2380.190760
2054.519327
2828.432049
3419.125485
1171.526488
1692.408121
2688.255986
3361.108464
3745.583357
3039.968527
2748.337039
3043.078936
1766.318649
809.027234
2724.094449
3443.315450
3325.881900
2697.878036
3220.105365
3566.466319
3657.821738
3441.245834
3417.769982
3479.849309
3730.943508
3051.104290
2613.075393
2620.956693
4048.472881
3406.209463
3519.038933
2961.887520
3880.555698
3191.691406
2211.217779
3060.467953
3223.734690
3360.880035
204.837671
1344.740706
253.013487
3259.878011
1733.569406
2957.948048
3076.871499
2932.160830
2838.876365
2397.674665
2495.490947
2388.637566
2638.419888
1752.800799
2606.965587
2229.567457
2474.187360
2733.000707
2691.349398
3061.661163
3141.372258
3168.084344
2638.906363
3208.571948
3669.972701
3609.796352
4130.309325
2928.890959
3160.598198
3305.001962
3446.715753
1206.228622
1483.770950
2905.947643
2836.117111
3392.231098
3693.603726
3573.512772
3303.437059
2244.798871
35.445537
3387.331998
3703.981667
3310.988415
3119.013027
3351.011426
3958.143791
3471.947112
3904.590930
4289.281135
4061.949434
3475.165320
4068.553484
3946.237100
3991.779490
3356.987120
3193.991991
3647.104090
2442.327746
3549.991578
3779.173245
3985.161335
2597.817461
3208.552122
2603.381501
3379.984085
3752.833753
1068.293318
2547.629778
4186.944771
2794.445815
3394.890895
3572.562596
2627.708207
3927.879739
3055.160065
3194.187855
2599.605693
3842.299071
3548.566392
3565.001678
2643.251639
368.838290
3405.158982
3828.358881
3754.045311
2484.222122
2946.524331
2697.975357
3827.648806
1872.820877
893.105809
4572.565404
4009.336742
3628.172132
3193.225843
3753.998505
3193.122707
3145.766142
3199.166468
3621.376012
465.813209
2910.347558
3229.581375
3757.924216
3328.678137
2961.678226
3247.003415
3731.686288
3728.658628
3401.018874
3190.668490
3691.763003
4010.342454
3462.158790
3178.980213
3441.185964
3785.303371
3551.600799
1987.642301
2390.764356
2938.130223
2385.904751
2557.490983
2545.821337
4472.036135
3918.621799
1733.572484
1186.479899
2328.449262
759.516956
3780.692209
2497.360026
3033.715284
3303.751946
3814.807222
3458.480216
1317.309382
2140.515618
3423.558705
3326.830722
4000.790849
4406.384152
3656.417239
4025.289952
3797.507571
3990.201474
2633.307450
3448.601571
3813.744793
3904.588563
3182.814143
3746.292429
3295.319277
3129.647273
3211.952456
2237.017520
3562.833076
3909.395724
3519.296668
4148.794046
4217.791291
3853.639206
3624.957653
3760.123898
3944.552752
1649.287134
1145.515436
3918.538492
4237.225364
3398.993669
3561.574936
4083.256652
3658.641165
3711.943975
3312.815518
4530.224822
3052.482194
3801.218125
3514.629277
3984.908735
2296.962406
3818.436124
2957.604467
4097.072082
3159.107502
3437.892954
3707.699393
3948.315139
2725.524142
306.234131
2985.733829
3198.310897
3424.450476
3347.312387
2831.967125
3490.590716
3482.423718
3318.011687
2122.287558
881.779432
4579.393748
3486.053719
2822.094238
3307.969009
4418.092107
3338.783379
2990.561758
3317.752087
2604.728973
3603.235348
3099.236795
3675.611598
3599.561926
2569.712401
515.429153
2977.717064
4358.423146
4134.416785
2787.079290
3987.907712
3837.186538
3840.906323
2515.760680
4135.023017
3812.489312
3529.877662
2932.207544
1264.674986
2630.117469
3324.036889
3677.431731
4345.209042
3779.974458
2708.538554
2963.879535
4242.100377
2918.881432
2977.173966
2969.205460
4320.083508
2642.948963
3288.979343
3171.079858
4118.007976
4013.918308
1888.386670
829.565665
4466.756756
3718.936222
3419.991635
2971.989945
3852.743519
2987.973123
3941.912167
3294.128529
4346.153143
56.756006
3243.874812
3760.816602
4382.800463
2752.281989
3806.906765
3293.114066
4241.526299
3671.057955
3556.924626
3209.736532
4347.635320
6.158510
3495.039952
3180.731873
2752.877243
2029.567290
3288.046503
2999.728139
4025.123728
3948.181526
3478.949151
2866.728066
3377.107708
3998.207859
2514.167263
2862.472521
139.751960
3804.225115
3723.066147
2420.525236
4125.736452
267.482768
3244.616495
2434.398854
4049.760598
3663.830467
3582.728653
2884.599779
3899.070883
3223.419802
3289.308789
2836.055754
3548.120207
3902.380731
3590.125084
3210.853618
4073.118542
4003.904216
3451.517805
2817.729232
4191.587173
219.040692
0.000000
2303.916037
3888.713127
3854.004296
1900.573773
867.006466
3902.018548
4185.328977
2835.489474
2670.401604
4521.814364
3494.435646
2706.665154
2378.204587
4558.995602
2150.654760
1017.057527
2703.136739
4247.080433
3676.250943
2592.920374
2446.428794
4742.107886
3602.660256
1941.280038
3379.756488
4251.862113
3029.065995
3585.936492
2651.278625
4318.552343
3385.288641
3736.777412
2553.346822
4591.596433
3713.550161
3318.470430
3238.227300
3702.432405
3868.565264
3318.723711
2885.040429
3727.567773
3740.234898
3499.682223
3612.600155
3602.873243
546.821222
2674.563991
2048.813785
2277.765777
62.665690
805.309574
2612.184956
3619.428800
3117.309864
2318.416052
1695.432468
4019.029388
2467.443141
2161.042337
1902.981055
3900.245850
3279.083527
3163.573729
2359.384616
3089.521922
3430.578448
3379.260144
2199.809731
3847.472251
3513.167691
2763.359107
2272.100302
3116.829631
3805.516414
1444.555709
815.426421
3848.587949
2865.871776
1606.458863
2565.939403
3821.584285
3672.917142
2049.318709
2750.851799
3935.666031
188.894031
2000.608305
3362.165712
3787.369748
172.854451
3024.977040
2802.482080
288.350018
1198.841648
563.749165
306.188539
3591.464677
2736.282267
3051.691752
2083.171071
2237.942343
495.675095
688.993827
1375.734484
2459.900714
3920.205388
4113.108081
3018.282584
743.194816
3132.887032
3594.510364
2958.032771
3123.248395
3368.013086
2077.871679
1883.701107
1859.181816
681.527296
3071.682849
2693.183711
2579.006890
2357.080824
3058.525809
1986.464772
3298.486277
2549.834769
3286.600376
3070.731602
4143.978068
3510.421287
3620.896824
3059.128319
2277.138522
2695.601058
3323.123384
2304.953936
3633.946126
1726.092640
3602.925833
2761.647739
3890.752492
3453.247328
3441.661794
2826.368933
2546.315182
3964.335509
2248.233516
2980.705506
3286.574426
4073.510241
3228.133619
3253.585217
3882.510466
3600.029982
119.734917
2758.122345
2570.033871
3505.499555
2955.456167
3273.688120
3915.286886
3338.911439
3779.082752
3084.117643
763.673564
2432.948190
2527.715494
3072.552664
4410.323855
257.440867
2887.967748
637.645910
3261.298894
3272.593836
3743.261889
2866.468961
2208.817945
1818.894520
3692.164132
3044.551079
2461.457944
430.833330
3344.765395
529.875083
2426.392109
3997.691238
3259.372344
3434.170954
3048.268113
4149.548046
4055.225691
3295.639694
3323.173320
666.500483
