-7.207753
-7.480657
0.000000
-4.016174
8.378353
2.733130
-34.087903
4.964053
-3.021088
-35.858742
-27.660537
0.000000
-3.889246
-4.427524
-1.901352
2.449917
2.993028
1.511648
4.017278
-5.983136
14.770338
5.674212
-1.503670
-24.902460
-2.121832
-11.434747
8.629633
-13.002586
0.452595
1.796248
-15.519938
-3.611524
7.385249
3.990118
-2.703403
0.000000
-23.032617
0.000000
0.000000
-1.384816
1.002197
1.591393
0.000000
0.000000
-3.053300
0.000000
-1.391585
14.609855
-1.035183
-5.111347
-0.557649
-3.402396
2.248430
0.000000
4.760536
-7.901061
0.000000
-12.063657
0.732260
-8.686789
2.030070
-8.940876
-7.831586
-5.743818
1.427199
0.000000
-10.430885
0.000000
14.061022
-14.504177
2.494297
-21.601291
-3.110759
2.374447
-3.980871
-10.219014
0.000000
0.817136
7.337731
0.000000
7.363043
0.000000
-4.905696
0.000000
-8.547897
0.000000
-6.412478
0.000000
4.405687
0.000000
0.000000
0.000000
-5.468360
2.598034
-6.670807
-0.691073
-2.740829
-2.499949
0.000000
0.000000
-3.620741
0.000000
0.000000
0.070195
-5.374076
0.000000
0.000000
0.000000
0.000000
3.937200
0.000000
-0.719238
0.000000
0.000000
-7.675545
0.000000
0.000000
0.000000
-5.195839
0.000000
7.863782
0.000000
0.000000
0.000000
0.000000
-11.125289
0.000000
-1.409449
0.000000
0.000000
0.000000
-3.510454
-0.650488
-5.276692
-6.851937
0.000000
4.453558
-4.989676
-0.145787
4.533201
-2.562303
0.000000
0.000000
-3.267728
7.147939
0.000000
-11.306532
0.000000
-3.176179
0.000000
1.470066
0.000000
6.692844
0.820517
0.000000
0.000000
0.000000
0.000000
0.000000
-1.765274
0.000000
0.000000
0.000000
0.000000
0.000000
0.000000
0.000000
0.000000
0.067077
0.000000
1.564214
-5.044425
0.000000
0.000000
-8.009223
2.481696
-0.575855
0.000000
0.000000
0.000000
0.000000
0.000000
0.000000
0.000000
0.000000
0.000000
0.000000
0.000000
0.000000
0.000000
-5.999017
0.000000
1.895300
0.000000
0.000000
0.000000
0.000000
0.000000
0.000000
0.000000
0.000000
0.000000
0.000000
0.092768
1.083434
0.000000
0.000000
0.000000
9.052581
0.000000
0.000000
-8.569617
0.000000
0.000000
0.000000
0.000000
-2.579658
0.000000
0.000000
2.532537
0.000000
0.000000
0.000000
0.000000
4.116935
0.000000
0.000000
0.000000
0.000000
0.000000
0.000000
0.000000
0.000000
0.000000
0.000000
-0.056537
0.000000
0.000000
0.000000
0.000000
11.790685
6.720405
0.000000
0.000000
1.136194
0.000000
0.000000
0.000000
-3.006404
0.000000
-4.193208
0.000000
-3.366361
0.000000
0.000000
0.000000
-3.676171
0.000000
0.000000
0.000000
6.056514
0.000000
-0.520518
-0.773106
0.000000
-5.708001
0.000000
-1.598387
-4.199001
-11.092750
-3.857573
-2.947644
5.898467
0.000000
0.000000
0.000000
1.779663
0.000000
0.000000
0.000000
0.000000
-4.131138
2.846440
14.550619
-9.331107
0.000000
0.000000
0.000000
5.582412
18.365771
-4.495372
0.000000
0.000000
0.000000
-0.797962
0.000000
15.101464
0.000000
0.000000
1.062865
-11.128838
0.000000
3.444892
-1.998060
-13.144061
-9.577807
0.000000
1.413888
3.635935
0.000000
0.189165
-4.981120
-3.627082
0.000000
2.392159
0.000000
-3.118242
0.000000
-2.254806
-0.547463
-7.653100
0.000000
-6.517286
0.000000
-1.537619
0.000000
-6.795122
4.974438
6.501488
6.159641
-16.308861
0.000000
10.337708
0.141077
-7.664249
-12.468748
5.581429
2.409120
0.000000
0.405267
10.004894
1.653233
9.693271
-3.202600
-8.504285
0.651022
-14.502361
0.000000
2.390076
-4.864047
-7.388199
-0.323531
-7.253875
-6.907283
0.837511
1.096745
1.057818
3.387858
0.000000
-1.847021
11.272888
0.155023
-8.465859
2.393015
-8.815398
3.350543
-0.844842
0.000000
9.918596
2.079929
-3.618287
-1.001403
9.366893
3.183330
-8.276831
-5.804247
11.961345
0.000000
-5.358488
-17.251794
-7.900584
0.000000
0.919517
0.000000
40.519878
4.954377
-9.990081
-0.958863
-5.861714
0.430661
4.712929
-0.521109
110.335824
0.469278
-29.701789
3.574627
12.922015
2.687875
0.000000
-0.059394
14.610653
0.170319
-7.235234
0.000000
6.934871
-4.986660
-19.355001
20.796355
-3.061887
-0.737419
-30.313084
-0.655530
-8.384995
-13.887871
3.139821
-2.212028
6.194737
1.844158
-14.127009
0.000000
-3.686743
-0.275544
11.415130
2.846782
-10.369705
5.354006
4.546700
0.000000
20.092986
-1.636288
5.712147
-0.038545
40.029546
6.634284
0.000000
4.889224
17.268992
-4.436311
-14.766085
-5.906981
-14.498886
-3.224326
-5.573131
0.000000
-4.384319
0.000000
-5.166950
4.938721
49.050420
-11.925690
1.978045
8.751532
69.973342
-3.149117
-5.554586
-1.290786
-16.745007
-1.241682
-4.163530
-9.419819
98.309252
49.297052
2.313120
25.821199
56.122347
3.276971
28.635629
-83.474459
-1.880919
13.301336
-32.240965
-16.559783
8.508799
-7.037612
-51.044192
10.241144
3.010769
25.834977
-22.994144
17.434508
-7.410959
11.124253
62.526971
-38.411738
5.457067
35.074139
-8.694965
209.933534
2.928726
4.130688
103.992237
-3.170773
0.040624
-7.781557
39.025492
168.478771
-7.079911
7.334919
70.831601
25.991615
-12.833211
26.102261
56.246799
217.072618
0.000000
12.997554
75.110287
66.813666
-3.188369
3.095280
300.057588
205.062886
-5.617988
0.000000
-4.187071
57.752136
0.000000
-6.798216
-17.496196
121.771720
0.000000
0.000000
25.811451
8.221860
0.000000
0.000000
-0.746916
61.253192
6.248762
1.794943
9.823407
0.000000
0.000000
-26.938473
86.725354
45.912314
0.000000
2.372007
0.000000
2.803718
0.000000
3.206699
562.442942
253.526213
0.000000
0.000000
-4.532777
117.394749
0.000000
-12.859200
591.456786
208.814366
0.000000
0.000000
46.812392
95.915308
-2.688051
4.124453
30.391416
39.188932
-0.194326
-4.153243
25.543026
101.302171
0.000000
0.843812
61.321488
93.656105
0.000000
0.000000
117.080338
271.906198
0.000000
0.000000
42.282141
82.499940
0.000000
0.000000
117.961907
-12.712093
0.164295
0.000000
22.814605
215.380952
0.000000
-4.434930
-20.626863
164.680271
0.000000
0.000000
125.972774
14.834663
0.000000
0.300219
255.005445
-41.028431
-6.110338
3.522028
-0.546847
200.921571
0.000000
4.836671
-4.809396
297.664345
0.000000
-7.449786
-30.029744
542.450007
-1.004331
3.985651
199.986905
2.075507
0.000000
0.000000
6.459715
153.472404
-0.685790
0.000000
432.893482
5.657643
1.339155
3.050604
89.476843
0.000000
0.540308
0.000000
-70.589769
217.741121
0.000000
0.000000
41.041097
170.438183
0.000000
6.985085
53.849586
-60.216497
0.000000
0.827028
13.824029
87.231671
-2.908942
0.000000
2.960005
2.028380
0.000000
-3.461639
-6.166828
0.000000
-7.635157
-1.866093
2.041314
0.000000
0.000000
-2.923526
-2.763080
49.945520
0.000000
-1.313613
-8.572078
48.853713
0.000000
0.000000
43.193585
-19.382973
0.000000
8.578582
64.506272
0.000000
0.000000
1.953437
177.450044
1114.898052
3.770480
-4.485671
-5.466523
242.147432
0.897991
-0.573060
353.966669
642.829190
0.000000
-4.589510
489.042062
-6.620010
0.000000
3.311192
-0.413131
671.792136
0.000000
0.000000
469.026113
-60.166728
0.000000
0.000000
1220.217900
-307.179156
0.000000
2.009536
689.325073
0.000000
0.000000
-1.866523
295.341752
237.843364
0.000000
3.875991
1044.830648
16.983790
0.000000
0.000000
1086.736698
13.175953
0.000000
0.000000
1607.584078
0.000000
0.000000
1.479966
1310.519411
1374.166016
0.000000
0.000000
1623.711296
1605.931040
0.000000
-5.334129
1476.382844
857.340185
0.000000
0.000000
1675.894505
1681.648473
0.000000
0.000000
732.116476
2302.673805
0.000000
-3.057499
1933.799847
156.602973
0.000000
0.000000
1746.275976
2591.010002
0.000000
0.000000
0.000000
270.585060
-4.989352
0.000000
1707.923183
2540.656253
0.000000
0.000000
537.074531
1326.547665
0.000000
0.000000
1424.656674
8.171324
0.000000
3.146960
39.681351
235.217442
0.000000
3.625338
163.522452
1462.250287
-0.177173
0.000000
0.000000
2361.257036
0.000000
0.000000
947.710756
0.000000
0.000000
0.000000
0.000000
1603.868033
0.000000
0.000000
0.000000
1132.106696
0.000000
0.000000
196.587525
1003.693705
0.000000
0.000000
2039.468479
39.142587
0.000000
0.000000
421.847254
27.481751
5.144226
-7.075031
746.406042
0.000000
0.000000
0.000000
12.615419
91.680549
0.000000
0.000000
704.449599
0.000000
0.000000
0.000000
1.134760
0.000000
0.000000
3.951228
1194.082094
-242.096261
0.000000
-7.428785
1.018825
29.174119
0.000000
0.000000
1453.592743
564.464094
0.000000
0.000000
275.489827
1019.044113
0.000000
8.680660
1319.004775
36.462817
0.000000
-11.659651
2286.774581
2039.316228
-10.330877
-0.533690
-1.202889
1915.522335
15.628130
0.000000
2001.260129
437.799005
0.000000
12.685591
7.321468
2164.366142
-4.716258
31.139577
1001.170774
621.964445
7.763919
62.108763
58.217798
0.000000
9.088569
0.347699
662.603295
34.583118
10.998335
28.385212
1113.127588
-0.730672
12.181893
-8.153902
0.575170
-3.857577
10.271673
-3.202288
1086.773346
1570.058522
-2.080818
20.322933
1203.862251
1800.405677
-4.129350
25.964935
1245.618935
1920.749245
-4.637810
26.317179
1626.994940
1560.240416
-4.677219
86.676687
946.107839
174.624431
25.980622
35.068487
199.964656
-5.202452
15.366265
117.416970
58.192279
191.337121
95.088887
190.280262
-13.427055
-1.549723
-2.378770
76.549215
-17.580654
112.726494
53.380936
232.945224
68.716599
17.007649
11.934407
127.173973
28.347362
2.862056
